Name	Host	RA	DEC	R_proj	m_g	m_g_err	m_r/i	m_r/i_err	M_g	M_V	M_V_err	logMstar	logM*_err	mu_0V	mu_0V_err	r_e	r_e_err	ETG?	confirmed?	P_sat	Filts	tel	bad_photo?	mu	D	r_e_ang
M33	M31	23.4583	30.6603	205.8						-18.84	0.1	9.51	0.22	25.46	0.6			False	True	1.0	None	MCCONN				
NGC205	M31	10.0917	41.6853	8.3						-16.48	0.1	8.78	0.22	19.2		589.7	24.0	True	True	1.0	None	MCCONN				
M32	M31	10.6708	40.8653	5.5						-16.43	0.1	8.76	0.22	11.1		110.1	11.7	True	True	1.0	None	MCCONN				
NGC147	M31	8.3	48.5089	101.8						-14.65	0.1	8.01	0.22	21.2		623.4		True	True	1.0	None	MCCONN				
IC10	M31	5.0708	59.3039	259.0						-15.0	0.2	7.83	0.22	24.6	0.2	612.3		False	True	1.0	None	MCCONN				
NGC185	M31	9.7417	48.3375	97.1						-14.75	0.1	8.05	0.22	20.8		457.4		True	True	1.0	None	MCCONN	≠			
andVII	M31	351.6292	50.6758	226.1		,nan				-13.21	0.3	7.39	0.22	23.2	0.2	775.9	22.2	True	True	1.0	None	MCCONN				
andXXXII	M31	8.9975	51.5597	142.5						-12.25	0.7	6.98	0.22	26.4	0.8	1467.7	271.0	True	True	1.0	None	MCCONN				
andII	M31	19.1242	33.4192	142.0						-12.57	0.2	7.12	0.22	24.5	0.2	1175.2	37.9	True	True	1.0	None	MCCONN				
andI	M31	11.4158	38.0411	44.7						-11.86	0.1	6.81	0.22	24.7	0.2	671.6	65.0	True	True	1.0	None	MCCONN				
andXXXI	M31	344.5679	41.2911	277.0						-11.7	0.7	6.74	0.22	25.8	0.8	926.8	88.3	True	True	1.0	None	MCCONN				
andIII	M31	8.8908	36.4978	67.8						-10.17	0.3	6.08	0.22	24.8	0.2	478.8	43.5	True	True	1.0	None	MCCONN				
andXXIII	M31	22.3408	38.7189	127.4						-10.23	0.5	6.11	0.22	28.0	0.5	1029.2	44.7	True	True	1.0	None	MCCONN				
andVI	M31	357.9429	24.5825	280.3						-11.47	0.2	6.64	0.22	24.1	0.2	524.1	45.6	True	True	1.0	None	MCCONN				
andXXI	M31	358.6987	42.4708	123.5						-9.79	0.6	5.92	0.22	27.0	0.4	842.9	72.3	True	True	1.0	None	MCCONN				
andXXV	M31	7.5371	46.8519	82.3						-9.75	0.5	5.9	0.22	27.1	0.5	709.3	47.3	True	True	1.0	None	MCCONN				
LGS3	M31	15.9792	21.885	282.2						-10.13	0.1	5.57	0.22	24.8	0.1	469.8	44.7	False	True	1.0	None	MCCONN				
andXV	M31	18.5779	38.1175	93.6						-9.38	0.3	5.74	0.22	24.8	0.4	220.0	9.1	True	True	1.0	None	MCCONN				
andV	M31	17.5713	47.6281	110.1						-9.54	0.2	5.81	0.22	25.3	0.2	314.7	45.0	True	True	1.0	None	MCCONN				
andXVIII	M31	0.5604	45.0889	113.8						-9.42		5.75	0.22	25.6		324.7	21.2	True	True	1.0	None	MCCONN				
NGC247	NGC253	11.7834	-20.757	282.2	9.44	0.08	8.96	0.09	-18.31	-18.6	0.09	9.41	0.13	21.27	0.11	4278.3	199.3	False	True	1.0	gr	DECALS		28.04	4.06	217.36
dw0047m2623	NGC253	11.8939	-26.3898	68.5	18.89	0.11	18.33	0.11	-8.86	-9.19	0.11	5.77	0.14	26.59	0.15	453.9	39.8	True	True	1.0	gr	DECALS		28.08	4.13	22.67
dw0049m2100	NGC253	12.4537	-21.0167	267.9	15.07	0.09	14.89	0.09	-12.69	-12.79	0.09	6.62	0.13	23.2	0.11	627.1	31.8	False	True	1.0	gr	DECALS		27.86	3.73	34.68
dw0050m2444	NGC253	12.5749	-24.7367	51.7	18.22	0.10	17.95	0.1	-9.53	-9.7	0.1	5.53	0.13	27.91	0.13	1539.2	115.0	True	True	1.0	gr	DECALS		27.92	3.84	82.68
dw0055m2309	NGC253	13.7538	-23.1688	169.0	17.49	0.09	17.14	0.1	-10.26	-10.47	0.1	5.96	0.13	23.75	0.12	279.1	18.1	False	True	1.0	gr	DECALS		27.96	3.91	14.72
dw0036m2828	NGC253	9.1273	-28.4701	250.4	18.67	0.11	18.47	0.11	-9.08	-9.21	0.11	5.23	0.14	24.39	0.14	311.7	25.8	False	False	0.05	gr	DECALS		27.88	3.77	17.05
dw0132p1422	NGC628	23.2486	14.3736	284.7	16.05	0.09	15.85	0.09	-13.9	-14.02	0.09	7.14	0.13	22.02	0.11	715.4	38.7	False	True	1.0	gr	DECALS		30.07	10.33	14.28
dw0133p1543	NGC628	23.4842	15.7314	113.5	19.94	0.14	19.38	0.13	-10.01	-10.34	0.14	6.22	0.15	23.93	0.2	214.4	25.6	True	True	1.0	gr	DECALS		30.28	11.38	3.89
dw0134p1544	NGC628	23.5537	15.7463	102.0	17.57	0.10	17.07	0.1	-12.38	-12.68	0.1	7.07	0.13	24.0	0.12	1078.1	65.9	True	True	1.0	gr	DECALS		30.25	11.22	19.82
dw0134p1438	NGC628	23.6741	14.6444	210.9	17.06	0.09	16.86	0.1	-12.89	-13.01	0.09	6.74	0.13	21.73	0.12	497.9	30.2	False	True	1.0	gr	DECALS		30.07	10.33	9.94
dw0136p1628	NGC628	24.0842	16.4701	118.0	17.75	0.10	17.19	0.1	-12.2	-12.52	0.1	7.1	0.13	22.5	0.13	336.7	22.6	True	True	1.0	gr	DECALS		30.27	11.32	6.14
dw0137p1537	NGC628	24.3236	15.6329	35.5	17.86	0.10	17.24	0.1	-12.09	-12.45	0.1	7.17	0.13	22.59	0.13	380.2	26.4	True	True	1.0	gr	DECALS		30.31	11.53	6.8
dw0137p1607	NGC628	24.4156	16.132	71.5	20.2	0.14	19.57	0.13	-9.75	-10.12	0.15	6.24	0.17	25.96	0.21	489.2	64.2	True	True	1.0	gr	DECALS		30.32	11.59	8.71
dw0138p1458	NGC628	24.5024	14.9825	146.9	16.98	0.09	16.61	0.09	-12.97	-13.19	0.09	7.07	0.13	22.42	0.12	349.5	21.0	False	True	1.0	gr	DECALS		30.17	10.81	6.67
UGC1171	NGC628	24.9366	15.8993	126.7	15.71	0.09	15.45	0.09	-14.24	-14.4	0.09	7.38	0.13	22.36	0.11	840.5	44.3	False	True	1.0	gr	DECALS		30.11	10.52	16.48
dw0139p1433	NGC628	24.9611	14.5563	246.2	17.89	0.10	17.59	0.1	-12.06	-12.24	0.1	6.59	0.13	22.25	0.13	258.9	18.1	False	True	1.0	gr	DECALS		30.13	10.62	5.03
dw0140p1556	NGC628	25.0395	15.9394	144.5	18.64	0.11	18.47	0.11	-11.31	-11.41	0.11	6.05	0.13	24.03	0.14	449.5	36.9	False	True	1.0	gr	DECALS		30.05	10.23	9.06
UGC1176	NGC628	25.043	15.9054	144.1	14.24	0.09	13.86	0.09	-15.71	-15.93	0.09	8.19	0.13	23.44	0.11	2350.7	115.3	False	True	1.0	gr	DECALS		30.17	10.81	44.85
dw0143p1541	NGC628	25.9012	15.6937	284.0	15.75	0.09	15.35	0.09	-14.2	-14.44	0.09	7.63	0.13	24.46	0.11	1437.6	76.0	False	True	1.0	gr	DECALS		30.19	10.91	27.18
dw0141p1651	NGC628	25.4173	16.8721	275.5	18.14	0.10	17.68	0.1	-11.81	-12.08	0.1	6.78	0.13	23.06	0.13	473.4	34.7	False	False	0.3	gr	DECALS		30.22	11.07	8.82
dw0221p4221	NGC891	35.301	42.364	39.9	17.28	0.09	16.79	0.1	-12.52	-12.8	0.1	7.1	0.13	22.58	0.12	513.0	31.9	True	True	1.0	gr	CFHT		30.08	10.38	10.19
UGC1807	NGC891	35.3058	42.7629	76.6	13.86	0.09	13.52	0.09	-15.94	-16.14	0.09	8.2	0.13	21.48	0.11	1617.4	78.5	False	True	1.0	gr	CFHT		30.0	10.0	33.36
dw0222p4242	NGC891	35.7298	42.7123	58.8	17.13	0.09	16.76	0.1	-12.67	-12.89	0.1	6.96	0.13	24.5	0.12	1138.2	69.6	True	True	1.0	gr	CFHT		30.02	10.09	23.27
dw0223p4314	NGC891	35.8921	43.2395	144.8	19.36	0.12	18.96	0.12	-10.44	-10.67	0.12	6.12	0.14	23.44	0.17	193.6	19.3	True	False	0.15	gr	CFHT		30.03	10.14	3.94
dw0224p4158	NGC891	36.0968	41.9747	80.4	20.49	0.16	20.09	0.16	-9.31	-9.54	0.16	5.67	0.18	24.41	0.23	165.6	23.9	True	False	0.2	gr	CFHT		30.03	10.14	3.37
dw0225p4153	NGC891	36.3192	41.8915	108.4	20.53	0.16	20.13	0.16	-9.27	-9.51	0.17	5.66	0.18	24.78	0.24	175.3	25.5	True	False	0.45	gr	CFHT		30.04	10.19	3.55
dw0226p4206	NGC891	36.669	42.1111	127.2	20.44	0.16	20.04	0.16	-9.36	-9.6	0.16	5.68	0.17	24.01	0.23	150.3	21.3	True	False	0.1	gr	CFHT		30.04	10.19	3.04
dw0235p3850	NGC1023	38.976	38.8362	164.0	16.82	0.15	16.21	0.14	-13.27	-13.51	0.15	7.25	0.12	21.18	0.1	532.8	86.4	False	True	1.0	gi	CFHT		30.33	11.64	9.44
IC239	NGC1023	39.1162	38.969	139.8						-19.1		9.32						False	True	1.0						
dw0237p3855	NGC1023	39.3276	38.9331	111.5	15.24	0.10	14.54	0.11	-14.84	-15.12	0.1	8.0	0.11	21.39	0.16	926.2	96.5	False	True	1.0	gi	CFHT	yes	30.36	11.8	16.19
dw0237p3836	NGC1023	39.4144	38.6003	128.3	18.2	0.17	17.56	0.16	-11.89	-12.13	0.17	6.74	0.12	23.85	0.13	547.9	63.0	True	True	1.0	gi	CFHT		30.33	11.64	9.71
dw0239p3926	NGC1023	39.8325	39.4339	77.1	18.21	0.14	17.59	0.14	-11.87	-12.11	0.14	6.72	0.12	26.17	0.1	1129.4	103.8	True	True	1.0	gi	CFHT		30.32	11.59	20.1
dw0239p3903	NGC1023	39.8432	39.0554	36.2	20.62	0.49	20.05	0.34	-9.47	-9.69	0.49	5.68	0.16	25.06	0.28	335.5	44.0	True	True	1.0	gi	CFHT		30.31	11.53	6.0
dw0239p3902	NGC1023	39.946	39.0473	21.9	20.58	0.09	19.76	0.08	-9.51	-9.82	0.09	6.02	0.15	24.72	0.07	284.5	15.8	True	True	1.0	gi	CFHT		30.4	12.02	4.88
UGC2157	NGC1023	40.1044	38.563	90.8	14.24	0.03	13.59	0.03	-15.84	-16.11	0.03	8.35	0.1	21.17	0.08	1519.9	41.6	False	True	1.0	gi	CFHT		30.35	11.75	26.68
dw0240p3854	NGC1023	40.1374	38.9004	30.0	16.78	0.03	16.37	0.04	-13.3	-13.47	0.03	7.01	0.1	21.09	0.03	318.8	3.3	False	True	1.0	gi	CFHT		30.25	11.22	5.86
dw0240p3903	NGC1023	40.1544	39.0593	7.7	14.91	0.09	12.23	0.09	-15.18	-15.48	0.09	8.21	0.12	21.97	0.09	2047.4	0.1	False	True	1.0	gi	CFHT	yes	30.39	11.97	35.28
dw0240p3922	NGC1023	40.1649	39.3792	58.1	16.68	0.07	16.43	0.08	-13.41	-13.52	0.07	6.84	0.11	22.45	0.05	642.2	53.4	False	True	1.0	gi	CFHT	yes	30.2	10.96	12.09
dw0241p3904	NGC1023	40.2512	39.0727	21.4	15.56	0.03	15.15	0.03	-14.53	-14.69	0.03	7.49	0.1	22.64	0.02	980.6	25.9	False	True	1.0	gi	CFHT	yes	30.25	11.22	18.03
UGC2165	NGC1023	40.3145	38.7441	65.4	14.04	0.04	13.15	0.04	-16.05	-16.38	0.04	8.73	0.12	21.05	0.01	1484.5	40.3	True	True	1.0	gi	CFHT		30.42	12.13	25.24
dw0242p3838	NGC1023	40.6028	38.6352	105.3	20.6	0.17	20.62	0.19	-9.49	-9.48	0.17	4.93	0.15	25.51	0.17	259.9	0.2	True	True	1.0	gi	CFHT	yes	30.08	10.38	5.16
dw0238p3805	NGC1023	39.6703	38.0849	187.8	16.89	0.07	16.37	0.06	-13.19	-13.41	0.07	7.12	0.11	23.08	0.21	614.7	27.5	False	False	0.9	gi	CFHT	yes	30.3	11.48	11.04
dw0241p3829	NGC1023	40.4758	38.4983	115.5	19.71	0.13	19.14	0.14	-10.38	-10.61	0.13	6.04	0.12	23.86	0.05	260.6	30.1	True	False	0.35	gi	CFHT		30.32	11.59	4.64
dw0243p3915	NGC1023	40.979	39.2557	128.5	19.13	0.14	18.37	0.15	-10.96	-11.26	0.14	6.52	0.12	22.36	0.29	255.7	43.5	True	False	0.05	gi	CFHT		30.39	11.97	4.41
dw0309m4104	NGC1291	47.3549	-41.0826	235.7	19.19	0.12	18.64	0.11	-10.6	-10.92	0.12	6.45	0.14	24.25	0.16	365.0	34.7	True	True	1.0	gr	DECALS		30.11	10.52	7.16
dw0309m4101	NGC1291	47.4093	-41.0312	229.5	12.59	0.08	12.12	0.09	-17.2	-17.48	0.09	8.94	0.12	22.17	0.11	4122.2	196.2	False	True	1.0	gr	DECALS		30.07	10.33	82.31
dw0310m4000	NGC1291	47.5432	-40.0035	277.2	15.61	0.09	15.4	0.09	-14.18	-14.31	0.09	7.29	0.12	23.0	0.11	934.1	48.9	False	True	1.0	gr	DECALS		29.92	9.64	19.99
dw0315m4040	NGC1291	48.7908	-40.6674	95.0	18.13	0.10	17.56	0.1	-11.66	-12.0	0.1	6.91	0.13	24.88	0.13	763.2	55.8	True	True	1.0	gr	DECALS		30.13	10.62	14.82
dw0317m4142	NGC1291	49.256	-41.7001	94.2	16.92	0.09	16.34	0.09	-12.87	-13.21	0.09	7.42	0.13	23.48	0.12	696.7	41.5	True	True	1.0	gr	DECALS		30.13	10.62	13.53
dw0317m4058	NGC1291	49.3725	-40.9728	22.2	17.05	0.09	16.4	0.09	-12.74	-13.12	0.09	7.48	0.13	23.87	0.12	970.1	56.3	True	True	1.0	gr	DECALS		30.17	10.81	18.51
dw0317m4141	NGC1291	49.4083	-41.6962	93.7	17.15	0.09	16.68	0.09	-12.64	-12.92	0.1	7.12	0.13	24.61	0.12	1099.0	67.6	True	True	1.0	gr	DECALS		30.07	10.33	21.94
dw0318m4101	NGC1291	49.6796	-41.024	44.1	18.63	0.11	18.05	0.1	-11.16	-11.5	0.11	6.73	0.13	23.54	0.14	346.6	28.0	True	True	1.0	gr	DECALS		30.13	10.62	6.73
dw0318m4211	NGC1291	49.6961	-42.1993	178.4	20.35	0.15	19.82	0.15	-9.44	-9.75	0.16	5.94	0.17	25.52	0.22	334.5	45.8	True	True	1.0	gr	DECALS		30.1	10.47	6.59
dw0319m4126	NGC1291	49.9305	-41.448	89.8	17.47	0.09	16.87	0.1	-12.32	-12.67	0.1	7.23	0.13	25.0	0.12	833.6	53.9	True	True	1.0	gr	DECALS		30.14	10.67	16.11
dw0320m4048	NGC1291	50.1412	-40.8048	108.6	19.27	0.12	18.72	0.11	-10.52	-10.84	0.12	6.42	0.14	26.98	0.16	927.7	90.3	True	True	1.0	gr	DECALS		30.11	10.52	18.19
dw0321m4159	NGC1291	50.3521	-41.9982	186.2	16.27	0.09	15.85	0.09	-13.52	-13.77	0.09	7.38	0.13	23.65	0.11	784.6	43.4	False	True	1.0	gr	DECALS		30.04	10.19	15.88
dw0323m4040	NGC1291	50.8173	-40.6777	191.1	15.94	0.09	15.34	0.09	-13.85	-14.2	0.09	7.84	0.13	21.66	0.11	599.8	32.9	True	True	1.0	gr	DECALS		30.14	10.67	11.59
dw0325m4113	NGC1291	51.4098	-41.2304	249.2	17.94	0.10	17.39	0.1	-11.85	-12.17	0.1	6.95	0.13	25.47	0.13	1009.3	71.1	True	True	1.0	gr	DECALS		30.11	10.52	19.79
dw0312m3955	NGC1291	48.038	-39.9179	244.4	20.87	0.18	20.46	0.18	-8.92	-9.16	0.18	5.52	0.2	26.54	0.27	716.4	118.3	True	False	0.65	gr	DECALS		30.03	10.14	14.57
dw0315m4112	NGC1291	48.9422	-41.2017	48.3	20.03	0.14	19.43	0.13	-9.76	-10.11	0.14	6.21	0.16	26.82	0.2	941.0	115.9	True	False	0.55	gr	DECALS		30.14	10.67	18.19
dw0316m4207	NGC1291	49.1818	-42.1284	162.6	20.9	0.18	20.48	0.18	-8.89	-9.13	0.19	5.53	0.2	25.47	0.27	569.1	95.1	True	False	0.55	gr	DECALS		30.03	10.14	11.58
dw0321m4149	NGC1291	50.4853	-41.8184	177.7	20.35	0.15	20.07	0.16	-9.44	-9.6	0.16	5.49	0.17	26.11	0.22	504.9	69.1	False	False	0.65	gr	DECALS		29.95	9.77	10.66
NGC1792	NGC1808	76.3077	-37.979	109.6	10.48	0.08	9.82	0.09	-19.36	-19.75	0.09	10.14	0.13	19.71	0.11	2807.3	131.7	False	True	1.0	gr	DECALS		30.23	11.12	52.07
dw0506m3739	NGC1808	76.6002	-37.6499	47.5	19.83	0.13	19.28	0.13	-10.01	-10.33	0.14	6.21	0.15	24.68	0.19	364.2	42.0	True	True	1.0	gr	DECALS		30.16	10.76	6.98
dw0507m3629	NGC1808	76.7765	-36.4834	168.0	18.73	0.11	18.22	0.11	-11.11	-11.41	0.11	6.57	0.13	24.18	0.15	463.4	39.0	True	True	1.0	gr	DECALS		30.14	10.67	8.96
dw0507m3739	NGC1808	76.853	-37.6518	24.4	17.84	0.10	17.29	0.1	-12.0	-12.32	0.1	7.01	0.13	24.4	0.13	723.3	52.2	True	True	1.0	gr	DECALS		30.16	10.76	13.87
dw0507m3744	NGC1808	76.9674	-37.7385	37.0	16.92	0.09	16.37	0.09	-12.92	-13.24	0.09	7.38	0.13	21.3	0.12	260.2	15.5	True	True	1.0	gr	DECALS		30.16	10.76	4.99
dw0507m3800	NGC1808	76.9808	-38.0125	81.4	17.96	0.10	17.43	0.1	-11.88	-12.19	0.1	6.93	0.13	22.89	0.13	367.6	26.0	False	True	1.0	gr	DECALS		30.15	10.72	7.07
dw0508m3818	NGC1808	77.0318	-38.3098	130.0	11.81	0.08	11.43	0.09	-18.03	-18.26	0.09	9.12	0.13	20.36	0.11	11800.3	558.5	False	True	1.0	gr	DECALS		30.07	10.33	235.62
dw0508m3617	NGC1808	77.1269	-36.2869	200.5	19.47	0.12	18.94	0.12	-10.37	-10.68	0.13	6.31	0.14	23.94	0.17	381.5	39.3	True	True	1.0	gr	DECALS		30.15	10.72	7.34
dw0508m3808	NGC1808	77.1369	-38.1405	105.3	16.82	0.09	16.25	0.09	-13.02	-13.35	0.09	7.44	0.13	21.7	0.12	410.1	24.1	True	True	1.0	gr	DECALS		30.17	10.81	7.83
NGC1827	NGC1808	77.5208	-36.9611	117.8	12.73	0.08	12.24	0.09	-17.11	-17.4	0.09	8.94	0.12	20.34	0.11	1978.9	94.3	False	True	1.0	gr	DECALS		30.13	10.62	38.43
dw0502m3845	NGC1808	75.6394	-38.7649	261.2	19.23	0.12	19.04	0.12	-10.61	-10.73	0.12	5.82	0.14	24.0	0.16	274.5	26.4	False	False	0.45	gr	DECALS		29.96	9.82	5.77
dw0506m3800	NGC1808	76.5346	-38.0103	95.0	19.85	0.13	19.37	0.13	-9.99	-10.27	0.14	6.08	0.16	24.07	0.19	229.1	26.6	True	False	0.2	gr	DECALS		30.12	10.57	4.47
dw0507m3733	NGC1808	76.8724	-37.5541	9.7	21.14	0.19	20.51	0.18	-8.7	-9.07	0.2	5.81	0.23	26.6	0.3	337.3	61.6	True	False	0.65	gr	DECALS		30.21	11.02	6.31
dw0510m3717	NGC1808	77.7102	-37.2859	107.5	20.69	0.17	20.16	0.16	-9.15	-9.46	0.17	5.83	0.19	25.25	0.25	285.3	44.1	True	False	0.55	gr	DECALS		30.15	10.72	5.49
dw0848p3226	NGC2683	132.166	32.4442	212.2	20.01	0.14	19.3	0.13	-9.86	-10.27	0.14	6.42	0.15	26.75	0.2	747.4	91.3	True	True	1.0	gr	DECALS		30.28	11.38	13.55
dw0852p3347	NGC2683	133.2006	33.799	61.8	16.37	0.09	16.04	0.09	-13.5	-13.69	0.09	7.22	0.13	25.62	0.11	2394.3	133.6	False	True	1.0	gr	DECALS		30.06	10.28	48.04
dw0853p3318	NGC2683	133.3617	33.3052	32.4	18.4	0.10	18.02	0.1	-11.47	-11.69	0.11	6.48	0.13	23.54	0.14	499.7	38.8	False	True	1.0	gr	DECALS		30.09	10.42	9.89
dw0855p3336	NGC2683	133.7936	33.6155	90.7	18.7	0.11	18.15	0.1	-11.16	-11.48	0.11	6.67	0.13	24.16	0.14	587.6	49.1	True	True	1.0	gr	DECALS		30.18	10.86	11.16
dw0855p3333	NGC2683	133.8454	33.5572	94.8	16.68	0.09	16.11	0.09	-13.18	-13.52	0.09	7.52	0.13	24.44	0.11	1004.0	58.3	True	True	1.0	gr	DECALS		30.2	10.96	18.9
dw0856p3155	NGC2683	134.108	31.9172	278.9	18.95	0.11	18.38	0.11	-10.91	-11.25	0.12	6.61	0.14	24.32	0.15	437.5	39.0	True	True	1.0	gr	DECALS		30.2	10.96	8.23
dw0846p3300	NGC2683	131.5588	32.9974	232.2	18.34	0.10	17.7	0.1	-11.52	-11.9	0.11	6.98	0.13	26.71	0.14	1747.7	134.0	True	False	0.9	gr	DECALS		30.24	11.17	32.27
dw0846p3348	NGC2683	131.6301	33.8106	220.0	18.42	0.10	17.9	0.1	-11.44	-11.75	0.11	6.75	0.13	25.57	0.14	910.2	71.1	True	False	0.95	gr	DECALS		30.17	10.81	17.37
dw0852p3249	NGC2683	133.1987	32.8288	97.6	20.29	0.15	19.72	0.14	-9.58	-9.91	0.15	6.07	0.17	24.98	0.22	352.8	47.3	True	False	0.7	gr	DECALS		30.2	10.96	6.64
dw0854p3314	NGC2683	133.5854	33.2493	63.5	19.1	0.11	18.47	0.11	-10.77	-11.13	0.12	6.66	0.14	25.45	0.16	598.4	55.4	True	False	0.9	gr	DECALS		30.23	11.12	11.1
dw0929p2213	NGC2903	142.4777	22.2181	139.5	20.59	0.16	20.17	0.16	-9.18	-9.42	0.17	5.64	0.18	25.77	0.24	415.9	62.0	False	True	1.0	gr	DECALS		30.01	10.05	8.54
dw0930p1959	NGC2903	142.554	19.9913	247.8	16.65	0.09	16.28	0.09	-13.12	-13.34	0.09	7.13	0.13	23.61	0.11	556.5	32.0	False	True	1.0	gr	DECALS		29.99	9.95	11.54
dw0930p2143	NGC2903	142.6666	21.724	65.1	18.96	0.08	18.72	0.07	-10.81	-10.95	0.09	5.99	0.11	23.3	0.06	270.5	21.5	False	True	1.0	gr	CFHT		29.91	9.59	5.82
dw0932p1952	NGC2903	143.0991	19.8754	255.5	19.33	0.12	18.75	0.11	-10.44	-10.78	0.12	6.44	0.14	24.17	0.17	309.0	30.6	True	True	1.0	gr	DECALS		30.11	10.52	6.06
UGC5086	NGC2903	143.2034	21.4656	24.2	15.74	0.08	15.15	0.06	-14.03	-14.37	0.08	7.87	0.13	22.38	0.13	728.9	30.3	True	True	1.0	gr	CFHT		30.11	10.52	14.29
dw0933p2030	NGC2903	143.3069	20.5152	159.6	17.39	0.09	16.93	0.1	-12.39	-12.65	0.1	6.98	0.13	22.53	0.12	443.9	28.3	True	True	1.0	gr	DECALS		30.04	10.19	8.99
dw0936p2135	NGC2903	144.0891	21.5993	153.8	17.84	0.10	17.4	0.1	-11.93	-12.19	0.1	6.78	0.13	22.74	0.13	341.4	23.6	False	True	1.0	gr	DECALS		30.03	10.14	6.94
M82	M81	148.9683	69.6797	38.8						-19.75		10.35						False	True	1.0						
NGC3077	M81	150.8296	68.7339	48.7	10.13	0.08	9.58	0.09	-17.66	-17.98	0.09	9.27	0.13	16.47	0.11	1144.8	53.6	False	True	1.0	gr	DECALS		28.11	4.19	56.36
NGC2976	M81	146.8146	67.9164	86.8	10.36	0.08	9.73	0.09	-17.43	-17.79	0.09	9.3	0.13	19.87	0.11	1266.2	59.4	False	True	1.0	gr	DECALS		28.15	4.27	61.16
IC2574	M81	157.1413	68.4328	192.7	11.12	0.08	10.76	0.09	-16.66	-16.88	0.09	8.54	0.13	22.72	0.11	3286.6	154.8	False	True	1.0	gr	DECALS	yes	28.0	3.98	170.33
ddo82	M81	157.6524	70.6183	214.0	12.9	0.08	12.32	0.09	-14.88	-15.22	0.09	8.21	0.13	21.62	0.11	1055.6	50.4	False	True	1.0	gr	DECALS		28.12	4.21	51.72
kdg61	M81	149.2612	68.5917	31.0	14.95	0.09	14.3	0.09	-12.84	-13.22	0.09	7.52	0.13	23.74	0.11	1001.5	50.4	True	True	1.0	gr	DECALS		28.17	4.31	47.93
BK5N	M81	151.1679	68.2556	73.0	16.87	0.09	16.28	0.09	-10.91	-11.26	0.09	6.65	0.13	24.73	0.12	456.6	27.0	True	True	1.0	gr	DECALS		28.13	4.23	22.26
IKN	M81	152.0246	68.3992	83.1	14.07	0.09	13.54	0.09	-13.71	-14.03	0.09	7.67	0.13	23.69	0.11	1144.9	55.9	True	True	1.0	gr	DECALS	yes	28.1	4.17	56.63
FM1	M81	146.2917	68.765	61.8	15.9	0.09	15.23	0.09	-11.89	-12.28	0.09	7.17	0.13	24.49	0.11	749.4	40.1	True	True	1.0	gr	DECALS		28.18	4.33	35.7
kdg64	M81	151.7579	67.8275	102.4	14.77	0.09	14.11	0.09	-13.02	-13.4	0.09	7.61	0.13	23.15	0.11	956.5	47.8	True	True	1.0	gr	DECALS		28.17	4.31	45.78
f8d1	M81	146.1962	67.4386	120.2	16.42	0.09	15.88	0.09	-11.37	-11.68	0.09	6.73	0.13	26.22	0.11	1019.7	57.2	True	True	1.0	gr	DECALS	yes	28.1	4.17	50.44
d1014p68	M81	153.7325	68.7575	111.5	18.89				-8.9	-9.1	0.11	5.61	0.22	27.29	0.15	344.8	30.2	True	True	1.0	None	CH09/CH13		27.99	3.96	17.96
KK77	M81	147.5417	67.5067	103.1	15.18	0.09	14.41	0.09	-12.61	-13.06	0.09	7.63	0.13	24.25	0.11	954.2	48.6	True	True	1.0	gr	DECALS		28.24	4.45	44.23
kdg63	M81	151.2804	66.555	168.2	15.01	0.09	14.35	0.09	-12.78	-13.17	0.09	7.52	0.13	23.72	0.11	716.2	36.2	True	True	1.0	gr	DECALS		28.18	4.33	34.12
d0958p66	M81	149.7021	66.8497	141.0	15.42	0.09	15.03	0.09	-12.37	-12.59	0.09	6.87	0.13	21.56	0.11	228.8	11.8	False	True	1.0	gr	DECALS		28.01	4.0	11.8
ddo78	M81	156.6163	67.6567	200.3	13.87	0.09	13.25	0.09	-13.92	-14.28	0.09	7.9	0.13	24.26	0.11	1395.9	67.8	True	True	1.0	gr	DECALS		28.15	4.27	67.43
d1028p70	M81	157.1654	70.2336	195.7	15.53	0.09	15.19	0.09	-12.26	-12.46	0.09	6.74	0.13	21.74	0.11	303.0	15.8	False	True	1.0	gr	DECALS		27.99	3.96	15.78
d0955p70	M81	148.8067	70.4081	84.6	18.39				-9.4	-9.6	0.1	5.83	0.22	26.46	0.13	325.5	25.2	True	True	1.0	None	CH09/CH13		27.99	3.96	16.95
d1041p70	M81	160.32	70.1508	260.1	18.89				-8.9	-9.1	0.11	5.61	0.22	26.16	0.15	190.8	16.7	True	True	1.0	None	CH09/CH13		27.99	3.96	9.94
HS117	M81	155.355	71.1161	189.6	16.47	0.09	15.87	0.09	-11.32	-11.67	0.09	6.82	0.13	24.37	0.11	558.7	31.5	True	True	1.0	gr	DECALS		28.14	4.25	27.12
d0944p71	M81	146.1433	71.4825	163.2	15.93	0.09	15.25	0.09	-11.85	-12.25	0.09	7.18	0.13	23.49	0.11	399.8	21.4	True	True	1.0	gr	DECALS		28.18	4.33	19.04
d0926p70	M81	141.6163	70.5067	182.5	18.39				-9.4	-9.6	0.1	5.83	0.22	25.73	0.13	250.3	19.4	False	True	1.0	None	CH09/CH13		27.99	3.96	13.04
HO1	M81	145.1346	71.1864	156.0	13.46	0.09	13.13	0.09	-14.33	-14.53	0.09	7.55	0.13	24.08	0.11	1470.3	70.8	False	True	1.0	gr	DECALS		27.99	3.96	76.58
d0934p70	M81	143.5154	70.2158	138.3	17.59	0.10	17.18	0.1	-10.2	-10.44	0.1	6.03	0.13	25.58	0.12	489.2	32.3	True	True	1.0	gr	DECALS		28.03	4.04	24.98
dw1000m0741	NGC3115	150.0039	-7.6875	230.2	17.46	0.09	16.87	0.1	-12.59	-12.93	0.1	7.3	0.13	23.53	0.12	611.5	40.1	True	True	1.0	gr	DECALS		30.39	11.97	10.54
dw1000m0821	NGC3115	150.0436	-8.3574	250.3	15.87	0.09	15.29	0.09	-14.18	-14.51	0.09	7.91	0.12	21.87	0.11	957.7	50.9	True	True	1.0	gr	DECALS		30.38	11.91	16.59
dw1000m0831	NGC3115	150.2289	-8.5305	238.9	20.3	0.15	19.77	0.14	-9.75	-10.05	0.15	6.06	0.17	25.02	0.21	418.8	62.6	True	True	1.0	gr	DECALS		30.35	11.75	7.35
dw1001m0631	NGC3115	150.3901	-6.5249	267.4	15.7	0.09	15.37	0.09	-14.35	-14.54	0.09	7.55	0.13	22.72	0.11	911.4	48.0	False	True	1.0	gr	DECALS		30.24	11.17	16.83
dw1001m0814	NGC3115	150.4092	-8.2487	184.5	14.82	0.09	14.42	0.09	-15.22	-15.46	0.09	8.03	0.12	21.72	0.11	1422.4	71.3	False	True	1.0	gr	DECALS		30.28	11.38	25.78
dw1002m0818	NGC3115	150.5043	-8.31	176.5	20.09	0.14	19.5	0.13	-9.96	-10.3	0.15	6.24	0.16	24.11	0.2	271.3	34.0	True	True	1.0	gr	DECALS		30.39	11.97	4.67
dw1002m0642	NGC3115	150.657	-6.7083	213.5	21.0	0.19	20.54	0.19	-9.04	-9.31	0.19	5.66	0.21	25.98	0.29	324.4	54.8	True	True	1.0	gr	DECALS		30.31	11.53	5.8
dw1004m0737	NGC3115	150.9948	-7.6409	57.0	18.92	0.11	18.42	0.11	-11.12	-11.42	0.11	6.57	0.14	25.92	0.14	979.4	89.3	True	True	1.0	gr	DECALS		30.34	11.69	17.28
dw1004m0657	NGC3115	151.1572	-6.9585	137.9	19.1	0.12	18.53	0.12	-10.94	-11.28	0.13	6.62	0.14	25.63	0.17	713.9	71.9	True	True	1.0	gr	DECALS		30.38	11.91	12.36
dw1005m0744	NGC3115	151.3961	-7.7498	16.5	15.73	0.09	15.13	0.09	-14.32	-14.67	0.09	8.01	0.13	23.04	0.11	1150.0	60.4	True	True	1.0	gr	DECALS		30.4	12.02	19.73
dw1005m0758	NGC3115	151.4233	-7.9817	51.0	13.03	0.08	12.32	0.09	-17.01	-17.42	0.09	9.29	0.13	20.55	0.11	1488.3	74.7	True	True	1.0	gr	DECALS		30.45	12.3	24.96
dw1006m0730	NGC3115	151.5528	-7.5001	58.1	18.43	0.10	17.82	0.1	-11.62	-11.97	0.11	6.95	0.13	23.45	0.14	396.8	30.8	True	True	1.0	gr	DECALS		30.4	12.02	6.81
dw1006m0732	NGC3115	151.6109	-7.549	61.4	19.17	0.12	18.63	0.11	-10.87	-11.19	0.12	6.54	0.14	24.7	0.16	436.6	41.2	True	True	1.0	gr	DECALS		30.36	11.8	7.63
dw1006m0730-n2	NGC3115	151.6404	-7.5096	69.5	19.49	0.12	18.95	0.11	-10.55	-10.87	0.12	6.42	0.15	24.79	0.17	545.8	63.8	True	True	1.0	gr	DECALS		30.36	11.8	9.54
dw1007m0835	NGC3115	151.8142	-8.5859	178.3	21.1	0.19	20.47	0.18	-8.94	-9.31	0.2	5.91	0.22	25.01	0.3	247.5	44.5	True	True	1.0	gr	DECALS		30.41	12.08	4.23
dw1007m0715	NGC3115	151.8343	-7.2632	123.3	17.36	0.09	16.82	0.1	-12.69	-13.0	0.1	7.25	0.13	23.41	0.12	722.5	45.2	True	True	1.0	gr	DECALS		30.36	11.8	12.63
dw1007m0830	NGC3115	151.9464	-8.5042	179.5	19.89	0.13	19.42	0.13	-10.15	-10.43	0.14	6.13	0.15	24.54	0.19	393.1	46.1	True	True	1.0	gr	DECALS		30.32	11.59	7.0
dw1006m0630	NGC3115	151.5634	-6.5057	220.6	21.3	0.20	20.83	0.21	-8.74	-9.02	0.21	5.56	0.24	25.84	0.32	208.8	40.5	True	False	0.65	gr	DECALS		30.32	11.59	3.72
dw1006m0827	NGC3115	151.6488	-8.4648	145.8	20.18	0.14	19.67	0.14	-9.87	-10.16	0.15	6.08	0.16	25.3	0.21	380.2	49.1	True	False	0.65	gr	DECALS		30.34	11.69	6.71
dw1042p2415	NGC3344	160.5916	24.2505	123.6	17.24	0.09	16.73	0.09	-12.72	-13.02	0.1	7.23	0.13	23.78	0.12	697.5	43.5	True	True	1.0	gr	DECALS		30.26	11.27	12.77
dw1042p2501	NGC3344	160.6815	25.025	35.4	20.79	0.17	20.35	0.17	-9.17	-9.43	0.18	5.67	0.19	25.66	0.26	364.4	58.3	True	True	1.0	gr	DECALS		30.22	11.07	6.79
dw1045p2427	NGC3344	161.3793	24.4657	110.4	19.8	0.13	19.31	0.13	-10.16	-10.45	0.14	6.17	0.15	25.12	0.19	437.2	49.9	True	True	1.0	gr	DECALS		30.25	11.22	8.04
dw1038p2501	NGC3344	159.5427	25.0283	208.5	20.2	0.15	19.77	0.14	-9.76	-10.01	0.15	5.91	0.16	23.99	0.21	168.4	21.9	True	False	0.15	gr	DECALS		30.21	11.02	3.15
dw1044p2559	NGC3344	161.1198	25.9934	187.3	18.71	0.11	18.26	0.11	-11.25	-11.51	0.11	6.53	0.14	21.54	0.15	230.2	19.3	False	False	0.15	gr	DECALS		30.22	11.07	4.29
dw1044p2610	NGC3344	161.1213	26.1782	218.5	20.38	0.15	19.73	0.14	-9.58	-9.96	0.16	6.22	0.17	25.04	0.23	422.1	58.4	True	False	0.75	gr	DECALS		30.34	11.69	7.45
dw1045p2606	NGC3344	161.2758	26.1048	211.7	20.12	0.14	19.63	0.14	-9.84	-10.13	0.15	6.04	0.16	23.79	0.21	205.9	26.1	True	False	0.2	gr	DECALS		30.25	11.22	3.79
dw1039p1238	NGC3379	159.929	12.6348	369.8	16.51	0.09	16.01	0.09	-13.64	-13.93	0.09	7.56	0.13	21.22	0.11	610.0	34.6	False	True	1.0	gr	DECALS		30.44	12.25	10.27
UGC5812	NGC3379	160.2355	12.4728	314.5	15.0	0.09	14.58	0.09	-15.15	-15.4	0.09	8.04	0.13	21.72	0.11	1458.0	73.6	False	True	1.0	gr	DECALS		30.4	12.02	25.02
dw1042p1220	NGC3379	160.5015	12.3351	269.4	15.39	0.09	14.97	0.09	-14.75	-15.0	0.09	7.88	0.13	21.1	0.11	1063.1	54.9	False	True	1.0	gr	DECALS		30.39	11.97	18.32
dw1042p1208	NGC3379	160.6431	12.1509	252.8	17.0	0.09	16.38	0.09	-13.15	-13.51	0.09	7.6	0.12	24.68	0.12	1247.9	75.1	True	True	1.0	gr	DECALS		30.51	12.65	20.35
dw1042p1359	NGC3379	160.6886	13.9905	349.9	20.81	0.17	20.28	0.17	-9.34	-9.65	0.18	5.9	0.2	24.77	0.26	276.5	44.5	True	True	1.0	gr	DECALS		30.46	12.36	4.61
dw1043p1410	NGC3379	160.7948	14.1799	365.7	19.81	0.13	19.45	0.13	-10.34	-10.55	0.14	6.0	0.15	24.77	0.19	321.1	36.8	True	True	1.0	gr	DECALS		30.36	11.8	5.61
dw1043p1415	NGC3379	160.9572	14.2554	361.6	19.77	0.13	19.16	0.12	-10.38	-10.73	0.14	6.46	0.15	24.36	0.19	402.9	45.6	True	True	1.0	gr	DECALS		30.5	12.59	6.6
M95	NGC3379	160.9904	11.7037	240.9						-20.49		10.42						False	True	1.0						
dw1044p1359	NGC3379	161.1075	13.9988	306.4	20.55	0.16	19.99	0.15	-9.6	-9.93	0.17	6.07	0.18	25.13	0.24	331.3	48.6	True	True	1.0	gr	DECALS		30.48	12.47	5.48
dw1044p1356	NGC3379	161.1471	13.9396	293.3	16.03	0.09	15.51	0.09	-14.12	-14.42	0.09	7.79	0.13	21.85	0.11	696.6	37.7	True	True	1.0	gr	DECALS		30.45	12.3	11.68
dw1044p1351	NGC3379	161.1588	13.8591	279.3	19.47	0.12	18.96	0.12	-10.68	-10.97	0.13	6.39	0.15	24.64	0.17	351.0	36.2	True	True	1.0	gr	DECALS		30.44	12.25	5.91
dw1044p1351b	NGC3379	161.1602	13.8557	278.6	19.76	0.13	19.29	0.13	-10.39	-10.66	0.13	6.21	0.15	25.21	0.19	384.1	43.3	True	True	1.0	gr	DECALS		30.42	12.13	6.53
dw1044p1154	NGC3379	161.2394	11.9162	180.5	17.37	0.09	17.08	0.1	-12.77	-12.95	0.1	6.87	0.13	22.57	0.12	565.8	36.0	False	True	1.0	gr	DECALS		30.32	11.59	10.07
dw1046p1257	NGC3379	161.559	12.9606	101.3	18.55	0.11	17.96	0.1	-11.6	-11.94	0.11	6.92	0.13	24.31	0.14	478.8	38.5	True	True	1.0	gr	DECALS		30.49	12.53	7.88
dw1046p1401	NGC3379	161.6027	14.0242	277.0	17.05	0.09	16.46	0.09	-13.1	-13.44	0.09	7.51	0.13	23.97	0.12	834.0	50.7	True	True	1.0	gr	DECALS		30.49	12.53	13.73
dw1046p1145	NGC3379	161.626	11.7557	165.6	17.94	0.10	17.31	0.1	-12.21	-12.57	0.1	7.23	0.13	24.29	0.13	676.1	42.6	True	True	1.0	gr	DECALS		30.51	12.65	11.02
dw1046p1219	NGC3379	161.6722	12.327	70.4	16.6	0.09	15.97	0.09	-13.54	-13.92	0.09	7.77	0.13	22.83	0.11	799.1	46.6	True	True	1.0	gr	DECALS		30.52	12.71	12.97
M96	NGC3379	161.6907	11.8199	150.3						-20.96		10.59						False	True	1.0						
dw1046p1244	NGC3379	161.7204	12.7421	52.4	17.86	0.10	17.45	0.1	-12.29	-12.53	0.1	6.88	0.13	25.1	0.13	1616.1	112.0	False	True	1.0	gr	DECALS		30.39	11.97	27.85
dw1046p1247	NGC3379	161.7275	12.7886	56.9	18.4	0.10	17.77	0.1	-11.75	-12.12	0.11	7.05	0.13	23.86	0.14	504.6	39.2	True	True	1.0	gr	DECALS		30.52	12.71	8.19
dw1046p1259	NGC3379	161.7393	12.9984	87.3	17.09	0.09	16.48	0.09	-13.06	-13.42	0.09	7.54	0.13	24.51	0.12	1145.5	69.8	True	True	1.0	gr	DECALS		30.51	12.65	18.68
dw1047p1257	NGC3379	161.7525	12.9604	79.9	18.78	0.11	18.13	0.1	-11.37	-11.75	0.11	6.92	0.13	24.2	0.15	445.3	37.9	True	True	1.0	gr	DECALS		30.53	12.76	7.2
dw1047p1153	NGC3379	161.7749	11.8779	135.6	20.98	0.18	20.43	0.18	-9.16	-9.48	0.19	5.87	0.2	26.5	0.28	396.6	68.3	True	True	1.0	gr	DECALS		30.46	12.36	6.62
dw1047p1248	NGC3379	161.8051	12.8022	49.6	18.67	0.11	18.27	0.11	-11.48	-11.71	0.11	6.53	0.13	25.48	0.14	823.8	68.3	True	True	1.0	gr	DECALS		30.38	11.91	14.27
dw1047p1202	NGC3379	161.919	12.0487	99.8	19.57	0.12	19.01	0.12	-10.58	-10.91	0.13	6.45	0.15	25.65	0.17	578.2	62.4	True	True	1.0	gr	DECALS		30.48	12.47	9.56
dw1047p1258	NGC3379	161.9255	12.9754	73.8	19.59	0.12	18.93	0.12	-10.56	-10.95	0.12	6.62	0.14	25.44	0.17	438.9	48.7	True	True	1.0	gr	DECALS		30.54	12.82	7.06
NGC3377	NGC3379	161.9264	13.9858	262.3						-19.86		10.1						True	True	1.0						
dw1048p1158	NGC3379	162.0547	11.9684	115.9	19.35	0.12	18.76	0.11	-10.79	-11.14	0.12	6.61	0.14	24.66	0.17	497.7	49.1	True	True	1.0	gr	DECALS		30.49	12.53	8.19
NGC3384	NGC3379	162.0705	12.6292	22.6						-20.3		10.41						True	True	1.0						
dw1048p1154	NGC3379	162.1039	11.9123	127.9	19.34	0.15	18.84	0.15	-10.8	-11.1	0.16	6.46	0.14	23.51	0.23	1284.0	51.4	True	True	1.0	gr	DECALS		30.44	12.25	21.62
dw1048p1303	NGC3379	162.1492	13.0598	95.9	19.43	0.12	19.05	0.12	-10.71	-10.94	0.12	6.2	0.14	25.94	0.16	579.2	60.1	True	True	1.0	gr	DECALS		30.37	11.86	10.07
dw1048p1259	NGC3379	162.2174	12.9954	90.7	19.86	0.13	19.26	0.13	-10.29	-10.64	0.14	6.4	0.15	26.69	0.19	694.1	80.6	True	True	1.0	gr	DECALS		30.5	12.59	11.37
dw1048p1407	NGC3379	162.224	14.1245	292.3	15.29	0.09	14.66	0.09	-14.85	-15.23	0.09	8.31	0.13	20.86	0.11	674.2	34.8	True	True	1.0	gr	DECALS		30.52	12.71	10.94
dw1049p1247	NGC3379	162.2977	12.7925	73.6	19.5	0.12	19.11	0.12	-10.65	-10.87	0.13	6.18	0.14	24.52	0.17	436.9	45.5	True	True	1.0	gr	DECALS		30.37	11.86	7.6
dw1049p1233	NGC3379	162.358	12.5525	73.4	19.09	0.11	18.47	0.11	-11.06	-11.42	0.12	6.74	0.14	25.21	0.16	586.1	55.0	True	True	1.0	gr	DECALS		30.51	12.65	9.56
UGC5944	NGC3379	162.5791	13.2719	171.6	14.94	0.09	14.33	0.09	-15.21	-15.56	0.09	8.38	0.13	21.71	0.11	1126.8	56.7	True	True	1.0	gr	DECALS		30.5	12.59	18.46
dw1050p1213	NGC3379	162.6004	12.2182	135.6	20.89	0.18	20.41	0.18	-9.25	-9.53	0.19	5.79	0.2	24.85	0.27	257.8	42.9	True	True	1.0	gr	DECALS		30.42	12.13	4.38
dw1050p1221	NGC3379	162.6132	12.3598	126.7	16.87	0.09	16.26	0.09	-13.28	-13.64	0.09	7.63	0.13	24.64	0.12	1509.8	88.0	True	True	1.0	gr	DECALS		30.51	12.65	24.62
dw1050p1236	NGC3379	162.6486	12.6093	126.2	20.2	0.15	19.75	0.14	-9.94	-10.21	0.15	6.02	0.16	24.59	0.21	552.3	72.0	True	True	1.0	gr	DECALS		30.41	12.08	9.43
NGC3412	NGC3379	162.722	13.4121	208.5						-19.68		10.05						True	True	1.0						
dw1051p1320	NGC3379	162.7563	13.3336	202.3	16.27	0.09	15.66	0.09	-13.87	-14.23	0.09	7.88	0.13	22.61	0.11	983.4	52.6	True	True	1.0	gr	DECALS		30.5	12.59	16.11
dw1051p1250	NGC3379	162.8378	12.849	168.1	16.18	0.09	15.59	0.09	-13.97	-14.31	0.09	7.87	0.13	22.41	0.11	863.3	47.3	True	True	1.0	gr	DECALS		30.49	12.53	14.21
dw1051p1406	NGC3379	162.8807	14.1149	332.0	17.73	0.10	17.13	0.1	-12.42	-12.77	0.1	7.26	0.13	22.17	0.13	349.6	23.6	True	True	1.0	gr	DECALS		30.5	12.59	5.73
dw1052p1102	NGC3379	163.0812	11.0433	353.4	15.85	0.09	15.23	0.09	-14.29	-14.66	0.09	8.05	0.13	21.04	0.11	556.1	29.8	True	True	1.0	gr	DECALS		30.51	12.65	9.07
dw1040p1216	NGC3379	160.1211	12.2728	339.8	19.32	0.12	18.72	0.11	-10.83	-11.18	0.12	6.63	0.14	25.1	0.17	621.2	61.3	True	False	0.85	gr	DECALS		30.5	12.59	10.18
dw1043p1253	NGC3379	160.9016	12.8988	201.1	21.0	0.18	20.34	0.17	-9.15	-9.53	0.19	6.06	0.2	25.35	0.28	283.2	49.0	True	False	0.65	gr	DECALS		30.53	12.76	4.58
dw1043p1207	NGC3379	160.9792	12.1333	197.0	18.95	0.11	18.49	0.11	-11.19	-11.46	0.12	6.52	0.14	23.1	0.15	500.2	44.6	False	False	0.25	gr	DECALS		30.41	12.08	8.54
dw1044p1132	NGC3379	161.0306	11.5344	258.6	18.45	0.10	18.06	0.1	-11.69	-11.92	0.11	6.6	0.14	22.4	0.14	389.4	30.6	False	False	0.4	gr	DECALS		30.37	11.86	6.77
dw1045p1315	NGC3379	161.2789	13.2652	177.5	20.7	0.17	20.25	0.17	-9.45	-9.71	0.17	5.79	0.19	25.68	0.25	350.0	54.3	True	False	0.75	gr	DECALS		30.41	12.08	5.98
dw1045p1413	NGC3379	161.4842	14.2274	319.2	19.76	0.13	19.16	0.12	-10.39	-10.74	0.13	6.45	0.15	24.59	0.19	345.7	39.0	True	False	0.7	gr	DECALS		30.5	12.59	5.66
dw1045p1332	NGC3379	161.4925	13.5477	199.2	19.41	0.12	18.91	0.12	-10.74	-11.03	0.12	6.4	0.14	24.48	0.17	467.5	47.4	True	False	0.65	gr	DECALS		30.44	12.25	7.87
dw1046p1342	NGC3379	161.6272	13.7011	217.5	18.62	0.11	18.13	0.1	-11.52	-11.81	0.11	6.72	0.13	21.73	0.14	237.2	19.4	True	False	0.2	gr	DECALS		30.43	12.19	4.01
dw1046p1358	NGC3379	161.6816	13.9718	264.4	20.99	0.18	20.55	0.19	-9.15	-9.41	0.19	5.69	0.21	24.71	0.28	205.7	35.5	True	False	0.35	gr	DECALS		30.4	12.02	3.53
dw1046p1118	NGC3379	161.7075	11.3037	243.0	20.57	0.16	20.05	0.16	-9.58	-9.88	0.17	5.98	0.18	25.01	0.24	319.9	47.3	True	False	0.7	gr	DECALS		30.45	12.3	5.36
dw1047p1117	NGC3379	161.7845	11.2853	244.2	19.27	0.12	18.81	0.12	-10.88	-11.15	0.12	6.4	0.14	25.6	0.16	659.7	64.2	True	False	0.85	gr	DECALS		30.42	12.13	11.22
dw1047p1145	NGC3379	161.949	11.7622	153.1	21.26	0.20	20.95	0.22	-8.88	-9.07	0.21	5.34	0.24	25.54	0.32	410.9	78.5	True	False	0.55	gr	DECALS		30.33	11.64	7.28
dw1048p1121	NGC3379	162.096	11.3523	231.0	20.08	0.14	19.41	0.13	-10.07	-10.46	0.15	6.44	0.16	25.76	0.2	570.9	71.2	True	False	0.75	gr	DECALS		30.54	12.82	9.19
dw1049p1121	NGC3379	162.4042	11.3512	244.0	17.97	0.10	17.38	0.1	-12.17	-12.52	0.1	7.15	0.13	24.77	0.13	790.6	56.1	True	False	0.95	gr	DECALS		30.49	12.53	13.01
dw1049p1057	NGC3379	162.4172	10.9555	315.2	20.32	0.15	20.04	0.16	-9.82	-9.99	0.16	5.66	0.17	24.31	0.22	239.6	32.5	False	False	0.15	gr	DECALS		30.31	11.53	4.29
dw1049p1146	NGC3379	162.4789	11.7802	177.5	18.8	0.11	18.21	0.11	-11.35	-11.69	0.11	6.82	0.14	24.61	0.15	585.2	50.1	True	False	0.9	gr	DECALS		30.49	12.53	9.63
dw1050p1352	NGC3379	162.5147	13.889	264.4	19.26	0.12	18.75	0.11	-10.89	-11.18	0.12	6.48	0.14	26.27	0.16	876.1	84.9	True	False	0.85	gr	DECALS		30.44	12.25	14.75
dw1050p1353	NGC3379	162.5848	13.8961	270.8	18.78	0.11	18.23	0.11	-11.37	-11.69	0.11	6.75	0.13	26.65	0.15	1156.2	98.5	True	False	0.9	gr	DECALS		30.47	12.42	19.2
dw1051p1359	NGC3379	162.7459	13.9927	300.1	20.89	0.18	20.4	0.18	-9.25	-9.54	0.19	5.82	0.19	24.73	0.27	297.6	49.6	True	False	0.4	gr	DECALS		30.43	12.19	5.04
dw1051p1101	NGC3379	162.7661	11.02	327.1	18.06	0.10	17.59	0.1	-12.08	-12.36	0.1	6.89	0.13	25.39	0.13	1310.5	94.6	True	False	0.95	gr	DECALS		30.42	12.13	22.28
dw1051p1310	NGC3379	162.9739	13.1694	215.3	20.25	0.15	19.76	0.14	-9.9	-10.19	0.15	6.07	0.16	24.2	0.22	218.2	28.9	True	False	0.2	gr	DECALS		30.44	12.25	3.67
dw1054p1217	NGC3379	163.7206	12.2967	326.2	18.18	0.10	17.74	0.1	-11.96	-12.23	0.1	6.82	0.13	22.78	0.13	377.0	27.9	False	False	0.35	gr	DECALS		30.41	12.08	6.44
dw1104p0004	NGC3521	166.1606	0.0815	61.5	20.25	0.15	19.67	0.14	-10.0	-10.33	0.15	6.24	0.17	24.74	0.22	280.9	37.2	True	True	1.0	gr	DECALS		30.58	13.06	4.44
dw1104p0003	NGC3521	166.1676	0.0581	58.6	16.57	0.09	16.03	0.09	-13.67	-13.99	0.09	7.66	0.13	23.06	0.11	852.8	48.7	True	True	1.0	gr	DECALS		30.56	12.94	13.59
dw1104p0005	NGC3521	166.1711	0.0936	60.5	20.67	0.17	20.21	0.17	-9.57	-9.84	0.17	5.86	0.18	25.84	0.25	642.4	98.7	True	True	1.0	gr	DECALS		30.51	12.65	10.47
dw1105p0006	NGC3521	166.4217	0.1163	30.3	16.0	0.09	15.46	0.09	-14.24	-14.56	0.09	7.89	0.13	25.91	0.11	3413.8	184.1	False	True	1.0	gr	DECALS		30.56	12.94	54.42
dw1106m0126	NGC3521	166.5313	-1.4476	276.5	17.45	0.09	16.9	0.1	-12.79	-13.11	0.1	7.31	0.13	23.94	0.12	773.1	49.8	True	True	1.0	gr	DECALS		30.56	12.94	12.32
dw1106p0052	NGC3521	166.6084	-0.8797	167.7	19.03	0.11	18.55	0.11	-11.21	-11.5	0.12	6.57	0.14	24.71	0.15	635.8	57.9	True	True	1.0	gr	DECALS		30.53	12.76	10.28
dw1107p0038	NGC3521	166.776	-0.6338	132.9	21.14	0.19	20.57	0.19	-9.11	-9.44	0.2	5.87	0.23	25.94	0.3	343.5	62.6	True	True	1.0	gr	DECALS		30.58	13.06	5.43
dw1107p0011	NGC3521	166.8051	-0.1869	75.0	17.62	0.10	17.11	0.1	-12.63	-12.92	0.1	7.19	0.13	24.72	0.12	1067.0	70.7	True	True	1.0	gr	DECALS		30.54	12.82	17.17
dw1109p0016	NGC3521	167.3283	-0.2771	177.6	18.84	0.11	18.23	0.11	-11.4	-11.76	0.11	6.87	0.14	25.39	0.15	901.4	78.0	True	True	1.0	gr	DECALS		30.6	13.18	14.11
dw1110p0037	NGC3521	167.6231	0.6169	262.0	16.89	0.09	16.28	0.09	-13.36	-13.71	0.09	7.64	0.13	22.64	0.12	795.6	47.1	True	True	1.0	gr	DECALS		30.6	13.18	12.45
dw1111p0049	NGC3521	167.8493	0.8315	321.5	18.83	0.11	18.33	0.11	-11.41	-11.71	0.11	6.7	0.13	25.88	0.15	843.0	72.8	True	True	1.0	gr	DECALS		30.54	12.82	13.56
dw1104p0033	NGC3521	166.2068	0.5506	124.3	21.41	0.21	20.96	0.22	-8.83	-9.1	0.22	5.55	0.25	24.91	0.34	338.2	68.4	True	False	0.25	gr	DECALS		30.51	12.65	5.51
dw1119p5543	NGC3556	169.9523	55.7224	195.3	16.18	0.09	15.81	0.09	-13.72	-13.94	0.09	7.37	0.13	21.21	0.11	433.2	23.7	False	True	1.0	gr	DECALS		30.12	10.57	8.45
dw1104p5534	NGC3556	166.1661	55.5745	161.7	20.2	0.15	19.71	0.14	-9.7	-9.99	0.15	5.97	0.16	24.23	0.21	252.7	32.9	True	False	0.05	gr	DECALS		30.19	10.91	4.78
dw1108p5520	NGC3556	167.2484	55.3412	80.9	19.08	0.11	18.49	0.11	-10.82	-11.17	0.12	6.61	0.14	24.65	0.16	431.0	39.8	True	False	0.75	gr	DECALS		30.25	11.22	7.92
dw1109p5447	NGC3556	167.305	54.7856	157.5	19.45	0.12	19.22	0.12	-10.45	-10.59	0.13	5.81	0.14	24.34	0.17	304.4	31.2	False	False	0.5	gr	DECALS		30.04	10.19	6.16
dw1110p5429	NGC3556	167.6471	54.4973	197.1	20.48	0.16	20.06	0.16	-9.42	-9.67	0.16	5.74	0.18	24.86	0.23	234.1	33.6	False	False	0.55	gr	DECALS		30.15	10.72	4.5
dw1111p5631	NGC3556	167.9472	56.532	143.4	18.78	0.11	18.26	0.11	-11.12	-11.42	0.11	6.6	0.13	24.28	0.15	664.8	56.7	True	False	0.65	gr	DECALS		30.2	10.96	12.51
dw1111p5547	NGC3556	167.9859	55.7993	23.5	19.97	0.14	19.39	0.13	-9.93	-10.27	0.14	6.24	0.15	24.24	0.2	233.6	28.2	True	False	0.3	gr	DECALS		30.24	11.17	4.31
dw1113p5529	NGC3556	168.2805	55.4926	48.6	20.6	0.16	20.41	0.18	-9.3	-9.41	0.17	5.3	0.18	25.48	0.24	328.9	49.3	False	False	0.65	gr	DECALS		30.01	10.05	6.75
dw1113p5541	NGC3556	168.293	55.6886	39.4	20.13	0.14	19.63	0.14	-9.77	-10.06	0.15	6.01	0.16	25.23	0.21	428.3	54.4	True	False	0.65	gr	DECALS		30.19	10.91	8.1
dw1113p5644	NGC3556	168.3996	56.7355	183.7	20.21	0.15	19.94	0.15	-9.69	-9.85	0.15	5.58	0.16	24.57	0.21	227.6	29.8	False	False	0.3	gr	DECALS		30.06	10.28	4.57
dw1116p5551	NGC3556	169.0317	55.8617	112.9	21.16	0.19	20.66	0.19	-8.74	-9.03	0.2	5.59	0.22	25.51	0.3	284.7	52.3	True	False	0.5	gr	DECALS		30.19	10.91	5.38
dw1116p5537	NGC3556	169.1718	55.6168	122.3	18.97	0.11	18.38	0.11	-10.93	-11.28	0.12	6.65	0.14	22.23	0.15	229.6	20.5	True	False	0.05	gr	DECALS		30.25	11.22	4.22
dw1122p5515	NGC3556	170.7418	55.262	279.4	19.84	0.13	19.28	0.13	-10.06	-10.39	0.14	6.26	0.15	24.47	0.19	283.2	32.7	True	False	0.45	gr	DECALS		30.23	11.12	5.25
dw1123p5602	NGC3556	170.832	56.0487	283.7	19.68	0.13	19.34	0.13	-10.22	-10.42	0.13	5.93	0.15	24.01	0.18	236.9	26.1	False	False	0.35	gr	DECALS		30.1	10.47	4.67
NGC3593	NGC3627	168.6539	12.8178	253.6	11.17	0.08	10.26	0.09	-18.93	-19.47	0.09	10.43	0.12	16.07	0.11	2864.4	135.0	False	True	1.0	gr	DECALS		30.64	13.43	43.99
dw1114p1238	NGC3627	168.6877	12.6477	253.6	17.18	0.09	16.83	0.1	-12.93	-13.13	0.1	7.01	0.13	21.78	0.12	367.0	22.6	False	True	1.0	gr	DECALS		30.31	11.53	6.57
dw1117p1305	NGC3627	169.2544	13.0993	145.6	15.55	0.09	15.07	0.09	-14.56	-14.84	0.09	7.91	0.13	21.77	0.11	724.6	37.8	False	True	1.0	gr	DECALS		30.39	11.97	12.49
dw1118p1233	NGC3627	169.6759	12.5614	104.8	17.07	0.09	16.48	0.09	-13.04	-13.38	0.09	7.48	0.13	22.5	0.12	521.0	31.8	True	True	1.0	gr	DECALS		30.45	12.3	8.74
dw1118p1348	NGC3627	169.7234	13.8054	160.9	18.86	0.11	18.39	0.11	-11.24	-11.52	0.11	6.57	0.13	25.58	0.15	654.2	56.9	True	True	1.0	gr	DECALS		30.38	11.91	11.33
NGC3623	NGC3627	169.733	13.0924	61.6						-20.9		10.69						False	True	1.0						
dw1119p1419	NGC3627	169.8029	14.3272	249.1	16.39	0.09	15.9	0.09	-13.72	-14.0	0.09	7.58	0.13	23.79	0.11	1257.1	69.9	False	True	1.0	gr	DECALS		30.39	11.97	21.66
dw1119p1157	NGC3627	169.8098	11.9524	195.7	16.22	0.09	15.95	0.09	-13.89	-14.04	0.09	7.26	0.13	22.58	0.11	937.5	51.6	False	True	1.0	gr	DECALS		30.26	11.27	17.16
dw1119p1417	NGC3627	169.8161	14.2901	242.0	17.12	0.09	16.66	0.09	-12.98	-13.26	0.09	7.25	0.13	21.26	0.12	365.4	22.4	False	True	1.0	gr	DECALS		30.38	11.91	6.33
dw1119p1404	NGC3627	169.8397	14.0755	202.6	16.5	0.09	15.91	0.09	-13.61	-13.95	0.09	7.71	0.13	23.21	0.11	953.1	53.5	True	True	1.0	gr	DECALS		30.45	12.3	15.98
dw1120p1332	NGC3627	170.0666	13.5488	102.1	17.91	0.10	17.4	0.1	-12.19	-12.49	0.1	7.02	0.13	23.78	0.13	667.0	46.7	True	True	1.0	gr	DECALS		30.4	12.02	11.45
NGC3628	NGC3627	170.0707	13.5897	109.6						-20.7		10.64						False	True	1.0						
dw1120p1337	NGC3627	170.2549	13.6072	117.9	14.46	0.09	13.74	0.09	-15.64	-16.06	0.09	8.77	0.13	24.69	0.11	13337.2	658.8	True	True	1.0	gr	DECALS	yes	30.52	12.71	216.44
dw1121p1326	NGC3627	170.4037	13.4471	103.3	19.43	0.12	18.8	0.11	-10.67	-11.05	0.13	6.63	0.14	24.94	0.17	502.2	51.2	True	True	1.0	gr	DECALS		30.48	12.47	8.31
dw1122p1258	NGC3627	170.6002	12.9795	96.1	16.53	0.09	16.03	0.09	-13.57	-13.87	0.09	7.56	0.13	21.55	0.11	421.1	27.3	True	True	1.0	gr	DECALS		30.4	12.02	7.23
IC2782	NGC3627	170.7307	13.4413	145.0	14.63	0.09	14.04	0.09	-15.48	-15.82	0.09	8.46	0.13	21.21	0.11	915.7	45.4	True	True	1.0	gr	DECALS		30.45	12.3	15.36
dw1123p1342	NGC3627	170.806	13.7141	187.4	17.55	0.09	17.49	0.1	-12.55	-12.6	0.1	6.36	0.13	25.91	0.12	1557.2	102.0	False	True	1.0	gr	DECALS		30.15	10.72	29.96
IC2787	NGC3627	170.8296	13.6298	180.0	14.95	0.09	14.45	0.09	-15.16	-15.45	0.09	8.18	0.12	20.14	0.11	1004.2	50.6	False	True	1.0	gr	DECALS		30.4	12.02	17.23
IC2791	NGC3627	170.9066	12.896	151.8	16.72	0.09	16.34	0.09	-13.38	-13.61	0.09	7.26	0.13	21.16	0.12	538.9	31.3	False	True	1.0	gr	DECALS		30.33	11.64	9.55
dw1124p1240	NGC3627	171.1445	12.6743	201.9	18.23	0.10	17.77	0.1	-11.88	-12.14	0.1	6.78	0.13	25.93	0.13	957.7	71.6	False	True	1.0	gr	DECALS		30.37	11.86	16.66
dw1114p1307	NGC3627	168.7127	13.1316	242.3	19.72	0.13	19.28	0.13	-10.39	-10.65	0.13	6.17	0.15	26.37	0.18	658.9	73.4	True	False	0.65	gr	DECALS		30.37	11.86	11.46
dw1116p1356	NGC3627	169.0325	13.9412	253.0	20.06	0.14	19.52	0.13	-10.04	-10.36	0.15	6.22	0.16	24.87	0.2	409.2	50.9	True	False	0.55	gr	DECALS		30.42	12.13	6.96
dw1116p1324	NGC3627	169.0973	13.4101	188.5	19.89	0.13	19.1	0.12	-10.22	-10.68	0.14	6.72	0.15	26.69	0.19	2175.7	255.6	True	False	0.55	gr	DECALS	yes	30.57	13.0	34.52
dw1117p1250	NGC3627	169.4349	12.8369	115.6	20.24	0.15	19.79	0.14	-9.87	-10.13	0.15	5.97	0.16	25.6	0.22	708.3	93.5	True	False	0.75	gr	DECALS		30.37	11.86	12.32
dw1118p1330	NGC3627	169.5661	13.5139	130.4	20.21	0.15	19.65	0.14	-9.89	-10.22	0.15	6.18	0.16	25.84	0.21	392.1	51.3	True	False	0.65	gr	DECALS		30.43	12.19	6.63
dw1119p1210	NGC3627	169.8996	12.177	152.1	21.17	0.20	20.59	0.19	-8.93	-9.27	0.2	5.84	0.23	24.88	0.3	243.9	45.0	True	False	0.35	gr	DECALS		30.44	12.25	4.11
dw1120p1223	NGC3627	170.2214	12.3918	113.5	19.92	0.14	19.44	0.13	-10.18	-10.46	0.14	6.15	0.15	24.55	0.19	335.4	39.9	True	False	0.45	gr	DECALS		30.38	11.91	5.81
dw1121p1129	NGC3627	170.2651	11.487	278.2	20.76	0.17	20.24	0.17	-9.34	-9.65	0.18	5.9	0.19	24.53	0.26	348.7	55.3	True	False	0.3	gr	DECALS		30.41	12.08	5.95
dw1121p1411	NGC3627	170.372	14.1967	227.7	19.64	0.13	19.02	0.12	-10.47	-10.83	0.13	6.51	0.15	26.06	0.18	682.5	74.1	True	False	0.8	gr	DECALS		30.47	12.42	11.33
dw1123p1346	NGC3627	170.9852	13.7781	218.8	19.69	0.13	19.11	0.12	-10.41	-10.75	0.13	6.43	0.15	24.87	0.18	413.5	45.7	True	False	0.7	gr	DECALS		30.44	12.25	6.96
dw1125p1316	NGC3627	171.4794	13.269	258.0	16.88	0.09	16.31	0.09	-13.23	-13.56	0.09	7.53	0.13	20.14	0.12	311.2	18.4	True	False	0.5	gr	DECALS		30.44	12.25	5.24
dw1126p1246	NGC3627	171.5894	12.7713	275.8	20.61	0.16	20.12	0.16	-9.49	-9.78	0.17	5.89	0.18	25.12	0.25	300.6	45.2	True	False	0.7	gr	DECALS		30.39	11.97	5.18
NGC4248	NGC4258	184.4591	47.4092	27.3	12.68	0.02	12.2	0.02	-16.6	-16.89	0.02	8.73	0.1	20.22	0.04	1877.2	17.1	False	True	1.0	gr	CFHT		29.57	8.2	47.22
LVJ1218+4655	NGC4258	184.5465	46.9172	51.3	16.49	0.02	16.29	0.03	-12.8	-12.92	0.02	6.71	0.1	21.85	0.05	562.2	20.4	False	True	1.0	gr	CFHT		29.41	7.62	15.22
dw1219p4743	NGC4258	184.7757	47.7302	53.7	18.16	0.16	17.78	0.17	-11.13	-11.35	0.16	6.36	0.13	24.43	0.1	484.4	44.2	True	True	1.0	gr	CFHT		29.51	7.98	12.52
UGC7356	NGC4258	184.7875	47.0899	27.2	15.28	0.09	14.77	0.1	-14.01	-14.31	0.1	7.74	0.13	23.08	0.16	887.9	60.2	True	True	1.0	gr	CFHT		29.59	8.28	22.12
dw1220p4729	NGC4258	185.1256	47.4906	40.4	20.41	0.35	20.15	0.27	-8.87	-9.03	0.35	5.24	0.17	26.9	0.25	429.9	68.2	True	True	1.0	gr	CFHT		29.44	7.73	11.47
dw1220p4649	NGC4258	185.2286	46.8302	72.8	18.9	0.13	18.43	0.1	-10.39	-10.66	0.14	6.23	0.13	25.21	0.08	422.2	23.6	True	True	1.0	gr	CFHT		29.56	8.17	10.66
dw1223p4739	NGC4258	185.9424	47.6589	111.5	18.12	0.09	17.69	0.08	-11.16	-11.42	0.09	6.46	0.13	24.88	0.07	555.8	80.9	True	True	1.0	gr	CFHT		29.54	8.09	14.17
dw1223p4644	NGC4258	185.9542	46.7495	125.2	20.55	0.16	20.09	0.16	-8.74	-9.01	0.17	5.54	0.17	24.46	0.24	118.6	17.4	True	False	0.15	gr	DECALS		29.56	8.17	2.99
dw1227p0136	NGC4517	186.9438	1.5998	282.2	15.72	0.09	15.63	0.09	-13.88	-13.94	0.09	6.95	0.13	23.52	0.11	1578.4	83.3	False	True	1.0	gr	DECALS		29.66	8.55	38.08
dw1231p0140	NGC4517	187.766	1.6758	235.5	15.53	0.09	15.18	0.09	-14.07	-14.28	0.09	7.48	0.13	21.88	0.11	496.4	25.8	False	True	1.0	gr	DECALS		29.81	9.16	11.18
dw1232p0015	NGC4517	188.1505	0.2625	22.2	17.51	0.09	16.93	0.1	-12.09	-12.43	0.1	7.1	0.13	22.15	0.12	278.5	18.1	True	True	1.0	gr	DECALS		29.94	9.73	5.9
dw1236m0025	NGC4517	189.1755	-0.4305	164.0	18.68	0.11	18.46	0.11	-10.93	-11.06	0.11	5.99	0.13	23.77	0.14	400.9	33.3	False	True	1.0	gr	DECALS		29.74	8.87	9.32
dw1238p0028	NGC4517	189.5586	0.4771	206.1	19.7	0.13	19.18	0.12	-9.91	-10.21	0.13	6.11	0.15	26.12	0.18	457.7	50.6	True	True	1.0	gr	DECALS		29.91	9.59	9.84
dw1238m0035	NGC4517	189.7051	-0.5978	243.8	19.2	0.12	18.74	0.11	-10.4	-10.67	0.12	6.22	0.14	23.71	0.16	244.0	23.3	True	True	1.0	gr	DECALS		29.87	9.42	5.34
dw1238m0105	NGC4517	189.7086	-1.0868	282.0	20.42	0.15	19.99	0.15	-9.18	-9.44	0.16	5.67	0.17	24.3	0.23	203.3	28.6	True	True	1.0	gr	DECALS		29.86	9.38	4.47
dw1239m0039	NGC4517	189.7608	-0.6644	255.3	16.88	0.09	16.57	0.09	-12.72	-12.91	0.09	6.88	0.13	24.23	0.12	832.2	49.3	False	True	1.0	gr	DECALS		29.79	9.08	18.9
NGC4592	NGC4517	189.8273	-0.5318	256.3	12.04	0.08	11.66	0.09	-17.56	-17.79	0.09	8.94	0.13	20.05	0.11	2030.4	96.2	False	True	1.0	gr	DECALS		29.83	9.25	45.28
dw1234p2531	NGC4565	188.6007	25.5221	132.7	16.72	0.03	16.18	0.02	-13.66	-13.97	0.03	7.65	0.13	23.33	0.03	1074.2	28.2	True	True	1.0	gr	CFHT		30.69	13.74	16.13
NGC4562	NGC4565	188.8948	25.8503	45.8	13.51	0.01	13.05	0.01	-16.86	-17.13	0.01	8.79	0.1	21.05	0.0	2004.3	8.0	False	True	1.0	gr	CFHT		30.64	13.43	30.78
IC3571	NGC4565	189.0835	26.0843	20.1	16.58	0.01	16.42	0.01	-13.8	-13.89	0.01	7.03	0.1	22.42	0.02	506.5	5.1	False	True	1.0	gr	CFHT		30.47	12.42	8.41
dw1237p2602	NGC4565	189.2549	26.036	33.0	18.04	0.06	17.65	0.07	-12.33	-12.56	0.06	6.86	0.11	22.22	0.31	457.8	33.6	False	True	1.0	gr	CFHT		30.6	13.18	7.16
dw1234p2618	NGC4565	188.7398	26.3141	93.7	20.25	0.06	19.93	0.05	-10.13	-10.32	0.06	5.85	0.11	24.11	0.12	262.3	10.0	False	False	0.3	gr	CFHT		30.57	13.0	4.16
dw1235p2616	NGC4565	188.843	26.2706	74.3	20.55	0.13	20.02	0.15	-9.83	-10.14	0.13	6.08	0.12	22.77	0.45	249.8	51.5	True	False	0.05	gr	CFHT		30.69	13.74	3.75
dw1236p2634	NGC4565	189.2441	26.5786	126.2	20.9	0.18	20.4	0.18	-9.48	-9.77	0.19	5.92	0.2	24.25	0.19	369.6	0.2	True	False	0.1	gr	CFHT		30.67	13.61	5.6
dw1237p2605	NGC4565	189.3618	26.0855	55.2	19.83	0.31	19.42	0.35	-10.55	-10.79	0.31	6.18	0.21	26.38	0.24	730.2	189.9	True	False	0.7	gr	CFHT		30.62	13.3	11.32
dw1237p2637	NGC4565	189.4283	26.6243	146.7	20.19	0.08	19.65	0.11	-10.19	-10.5	0.09	6.26	0.15	23.78	0.4	301.9	51.4	True	False	0.25	gr	CFHT		30.69	13.74	4.53
dw1237m1125	M104	189.2985	-11.4332	118.5	18.32	0.06	17.57	0.25	-11.58	-11.87	0.11	6.77	0.12	23.35	0.33	350.1	18.5	True	True	1.0	gi	CFHT		30.19	10.91	6.62
dw1239m1159	M104	189.7877	-11.9867	69.6	19.14	0.22	18.66	0.22	-10.76	-10.94	0.22	6.08	0.13	25.39	0.19	561.5	117.3	True	True	1.0	gi	CFHT		30.08	10.38	11.16
dw1239m1143	M104	189.8136	-11.7189	34.0	16.46	0.03	15.67	0.02	-13.44	-13.74	0.03	7.57	0.12	22.55	0.02	606.1	11.9	True	True	1.0	gi	CFHT		30.2	10.96	11.41
dw1239m1113	M104	189.8866	-11.2268	68.5	18.3	0.25	17.47	0.29	-11.6	-11.92	0.26	6.88	0.12	25.31	0.23	683.7	105.6	True	True	1.0	gi	CFHT		30.22	11.07	12.74
dw1239m1120	M104	189.9645	-11.3413	47.3	19.47	0.10	18.9	0.1	-10.43	-10.65	0.1	6.07	0.13	24.74	0.08	313.3	29.2	True	True	1.0	gi	CFHT		30.12	10.57	6.11
dw1239m1144	M104	189.9787	-11.746	20.7	17.31	0.29	16.64	0.26	-12.59	-12.85	0.3	7.06	0.12	24.74	0.2	1042.8	208.2	True	True	1.0	gi	CFHT		30.16	10.76	19.99
dw1240m1118	M104	190.0392	-11.3139	52.0	15.95	0.03	15.13	0.03	-13.95	-14.26	0.03	7.8	0.12	22.09	0.08	660.5	16.9	True	True	1.0	gi	CFHT		30.21	11.02	12.36
dw1240m1140	M104	190.0733	-11.6793	15.5	18.34	0.38	17.47	0.4	-11.56	-11.89	0.38	6.92	0.12	24.54	0.22	1433.7	83.6	True	True	1.0	gi	CFHT	yes	30.23	11.12	26.59
dw1241m1131	M104	190.2617	-11.5288	45.9	19.81	0.18	19.16	0.22	-10.09	-10.34	0.18	6.04	0.13	24.56	0.21	344.3	43.1	True	True	1.0	gi	CFHT		30.15	10.72	6.62
dw1241m1153	M104	190.3002	-11.8916	66.6	18.33	0.19	17.61	0.17	-11.57	-11.85	0.19	6.71	0.12	25.46	0.1	719.0	86.1	True	True	1.0	gi	CFHT		30.18	10.86	13.66
dw1241m1155	M104	190.3281	-11.9254	73.8	17.5	0.11	16.72	0.13	-12.4	-12.7	0.11	7.13	0.12	24.83	0.11	756.3	54.6	True	True	1.0	gi	CFHT		30.2	10.96	14.23
dw1238m1122	M104	189.6402	-11.3681	72.2	17.58	0.10	16.75	0.09	-12.32	-12.65	0.1	7.17	0.12	23.42	0.1	651.7	0.1	False	False	0.65	gi	CFHT	yes	30.23	11.12	12.09
dw1238m1102	M104	189.7429	-11.036	106.3	20.78	0.25	20.26	0.27	-9.12	-9.33	0.26	5.48	0.25	25.52	0.29	228.3	25.6	True	False	0.65	gi	CFHT		30.11	10.52	4.48
dw1242m1116	M104	190.6825	-11.2739	126.1	17.94	0.22	17.37	0.15	-11.96	-12.19	0.22	6.67	0.18	24.45	0.16	1299.5	229.2	True	False	0.95	gi	CFHT		30.13	10.62	25.24
dw1242m1129	M104	190.7067	-11.4893	117.9	21.17	0.24	20.44	0.24	-8.73	-9.02	0.24	5.6	0.22	24.79	0.23	153.0	22.0	True	False	0.2	gi	CFHT		30.19	10.91	2.89
dw1236p3336	NGC4631	189.2059	33.6131	199.5	16.67	0.09	16.42	0.09	-12.68	-12.82	0.09	6.74	0.13	21.96	0.11	423.5	24.4	False	True	1.0	gr	DECALS		29.49	7.91	11.04
dw1239p3230	NGC4631	189.7713	32.5046	83.1	18.27	0.10	17.95	0.1	-11.08	-11.26	0.1	6.23	0.13	23.07	0.1	802.1	0.1	False	True	1.0	gr	CFHT		29.53	8.05	20.55
dw1239p3251	NGC4631	189.8317	32.8608	86.7	20.25	0.25	19.75	0.24	-9.09	-9.39	0.26	5.76	0.16	25.95	0.23	450.4	51.6	True	True	1.0	gr	CFHT		29.64	8.47	10.97
dw1240p3216	NGC4631	190.2209	32.2822	47.8	18.98	0.10	18.49	0.09	-10.36	-10.65	0.1	6.24	0.14	24.25	0.09	312.8	20.0	True	True	1.0	gr	CFHT		29.63	8.43	7.65
dw1240p3247	NGC4631	190.2437	32.7904	45.0	16.32	0.64	15.71	0.42	-13.03	-13.39	0.67	7.54	0.13	25.86	0.45	2258.5	684.5	True	True	1.0	gr	CFHT		29.71	8.75	53.24
dw1241p3251	NGC4631	190.4464	32.8577	41.9	15.71	0.05	15.57	0.07	-13.64	-13.72	0.05	6.92	0.11	22.27	0.04	651.8	33.3	False	True	1.0	gr	CFHT		29.43	7.69	17.48
NGC4627	NGC4631	190.4987	32.574	5.6	12.86	0.03	12.5	0.04	-16.49	-16.7	0.03	8.45	0.11	19.82	0.05	948.2	29.9	False	True	1.0	gr	CFHT	yes	29.56	8.17	23.94
dw1242p3237	NGC4631	190.5255	32.6219	10.4	19.16	0.46	18.86	0.43	-10.19	-10.37	0.47	5.8	0.38	27.03	0.28	621.5	114.1	True	True	1.0	gr	CFHT		29.53	8.05	15.92
dw1242p3158	NGC4631	190.6308	31.9692	74.7	19.2	0.10	18.71	0.08	-10.14	-10.43	0.1	6.15	0.14	24.17	0.12	251.3	22.0	True	True	1.0	gr	CFHT		29.63	8.43	6.15
dw1243p3228	NGC4631	190.8534	32.4821	35.7	16.75	0.03	16.31	0.03	-12.6	-12.86	0.03	7.05	0.13	23.25	0.03	574.7	10.7	True	True	1.0	gr	CFHT		29.61	8.36	14.18
NGC4656	NGC4631	190.9905	32.1681	69.4						-18.9		8.46						False	True	1.0						
dw1248p3158	NGC4631	192.2187	31.9702	198.4	17.13	0.09	16.7	0.09	-12.21	-12.47	0.09	6.89	0.13	23.92	0.12	572.0	35.7	True	True	1.0	gr	DECALS		29.6	8.32	14.18
dw1247p3313	NGC4631	191.9083	33.2331	173.9	20.24	0.15	19.76	0.14	-9.11	-9.39	0.15	5.72	0.17	24.64	0.22	236.5	31.2	True	False	0.3	gr	DECALS		29.63	8.43	5.79
dw1231p4205	NGC4736	187.7873	42.0942	280.1	17.58	0.10	17.3	0.1	-10.53	-10.7	0.1	5.94	0.13	22.68	0.12	163.6	10.8	False	True	1.0	gr	DECALS		28.28	4.53	7.45
IC3687	NGC4736	190.5626	38.5034	227.3	13.29	0.09	13.0	0.09	-14.83	-15.0	0.09	7.66	0.13	21.97	0.11	1097.3	52.7	False	True	1.0	gr	DECALS		28.29	4.55	49.74
dw1243p4127	NGC4736	190.9798	41.4575	99.1	16.33	0.09	15.97	0.09	-11.79	-12.0	0.09	6.58	0.13	23.4	0.11	537.5	29.9	False	True	1.0	gr	DECALS		28.33	4.63	23.95
dw1243p4339	NGC4736	190.9898	43.6618	208.7	16.96	0.09	16.58	0.09	-11.16	-11.38	0.09	6.36	0.13	23.23	0.12	292.9	17.5	False	True	1.0	gr	DECALS		28.34	4.66	12.96
dw1249p4421	NGC4736	192.3797	44.3595	238.4	16.9	0.09	16.66	0.09	-11.21	-11.36	0.09	6.15	0.13	21.81	0.12	168.4	10.0	False	True	1.0	gr	DECALS		28.26	4.49	7.74
dw1251p4138	NGC4736	192.7698	41.6353	37.9	18.45	0.11	17.97	0.1	-9.67	-9.95	0.11	5.95	0.13	24.63	0.14	439.5	30.7	True	True	1.0	gr	DECALS		28.4	4.79	18.93
dw1255p4035	NGC4736	193.7615	40.5902	69.6	18.79	0.11	18.09	0.1	-9.33	-9.73	0.11	6.19	0.13	26.22	0.15	519.8	43.9	True	True	1.0	gr	DECALS		28.52	5.06	21.19
dw1234p3952	NGC4736	188.5929	39.8785	247.7	18.46	0.10	17.88	0.1	-9.66	-10.0	0.11	6.12	0.13	24.05	0.14	208.5	16.4	True	False	0.15	gr	DECALS		28.46	4.92	8.74
dw1241p4103	NGC4736	190.254	41.053	136.5	18.86	0.11	18.34	0.11	-9.26	-9.56	0.11	5.86	0.14	22.63	0.15	148.8	12.9	True	False	0.0	gr	DECALS		28.42	4.83	6.35
dw1242p4115	NGC4736	190.5471	41.2525	120.4	18.25	0.10	17.68	0.1	-9.87	-10.2	0.1	6.18	0.13	24.81	0.13	258.9	19.4	True	False	0.6	gr	DECALS		28.45	4.9	10.9
dw1303p4222	NGC4736	195.8097	42.3733	192.4	17.88	0.10	17.51	0.1	-10.24	-10.45	0.1	5.97	0.13	22.93	0.13	246.7	17.1	False	False	0.05	gr	DECALS		28.33	4.63	10.99
dw1305p4206	NGC4736	196.499	42.1062	219.5	18.42	0.10	18.05	0.1	-9.7	-9.91	0.11	5.77	0.13	23.23	0.14	282.4	22.0	False	False	0.05	gr	DECALS		28.33	4.63	12.58
dw1308p4054	NGC4736	197.1913	40.901	248.0	17.94	0.10	17.34	0.1	-10.18	-10.53	0.1	6.36	0.13	23.91	0.13	327.2	23.0	True	False	0.4	gr	DECALS		28.47	4.94	13.66
dw1311p4051	NGC4736	197.9217	40.863	288.8	18.18	0.10	17.94	0.1	-9.94	-10.08	0.1	5.62	0.13	23.4	0.13	148.2	11.0	False	False	0.05	gr	DECALS		28.26	4.49	6.81
UGC7929	NGC4826	191.3366	21.4271	246.1	15.93	0.09	15.48	0.09	-12.69	-12.95	0.09	7.11	0.13	22.51	0.11	696.4	37.3	False	True	1.0	gr	DECALS		28.88	5.97	24.06
IC3840	NGC4826	192.9417	21.7349	106.7	15.87	0.09	15.67	0.09	-12.75	-12.87	0.09	6.68	0.13	22.63	0.11	480.8	25.6	False	True	1.0	gr	DECALS		28.74	5.6	17.71
dw1252p2215	NGC4826	193.0237	22.2654	113.1	19.86	0.13	19.33	0.13	-8.76	-9.07	0.14	5.67	0.15	25.61	0.19	233.7	27.1	True	True	1.0	gr	DECALS		28.93	6.11	7.89
dw1255p1912	NGC4826	193.921	19.2096	230.0	16.0	0.09	15.93	0.09	-12.62	-12.66	0.09	6.41	0.13	24.45	0.11	884.7	47.7	False	True	1.0	gr	DECALS		28.66	5.4	33.79
dw1258p2329	NGC4826	194.7139	23.4899	173.3	19.14	0.12	18.68	0.11	-9.48	-9.75	0.12	5.84	0.14	24.77	0.16	564.0	50.9	True	True	1.0	gr	DECALS		28.89	6.0	19.39
dw1300p1843	NGC4826	195.1295	18.7177	286.6	17.89	0.10	17.27	0.1	-10.73	-11.1	0.1	6.62	0.13	26.04	0.13	704.4	49.4	True	True	1.0	gr	DECALS		28.99	6.28	23.14
IC4107	NGC4826	195.6741	21.9979	131.4	16.26	0.09	15.74	0.09	-12.36	-12.66	0.09	7.09	0.13	23.42	0.11	456.5	25.2	True	True	1.0	gr	DECALS		28.92	6.08	15.49
dw1245p2309	NGC4826	191.2591	23.1657	285.4	19.74	0.13	19.11	0.12	-8.89	-9.25	0.13	5.9	0.15	23.46	0.18	156.1	17.5	True	False	0.1	gr	DECALS		28.99	6.28	5.13
dw1251p2324	NGC4826	192.8683	23.4009	194.7	19.12	0.12	18.72	0.11	-9.5	-9.73	0.12	5.73	0.14	23.86	0.16	132.5	12.4	False	False	0.05	gr	DECALS		28.85	5.89	4.64
dw1310p4153	NGC5055	197.6743	41.8908	149.0	19.12	0.12	18.56	0.11	-10.62	-10.95	0.12	6.48	0.14	25.42	0.16	593.9	55.8	True	True	1.0	gr	DECALS		30.07	10.33	11.86
dw1312p4158	NGC5055	198.0772	41.9755	101.3	19.62	0.13	19.08	0.12	-10.12	-10.43	0.13	6.23	0.14	26.25	0.18	545.4	58.6	True	True	1.0	gr	DECALS		30.05	10.23	11.0
dw1312p4032	NGC5055	198.2159	40.5432	245.7	14.46	0.09	14.13	0.09	-15.28	-15.47	0.09	7.93	0.12	20.06	0.11	484.6	23.9	False	True	1.0	gr	DECALS		29.93	9.68	10.33
UGCA337	NGC5055	198.244	41.7864	90.1	15.25	0.09	14.64	0.09	-14.49	-14.85	0.09	8.09	0.13	22.67	0.11	1132.7	57.9	True	True	1.0	gr	DECALS		30.1	10.47	22.31
dw1313p4202	NGC5055	198.4161	42.0431	62.0	17.99	0.10	17.45	0.1	-11.75	-12.06	0.1	6.87	0.13	24.7	0.13	622.3	43.9	True	True	1.0	gr	DECALS		30.05	10.23	12.55
UGC8313	NGC5055	198.4754	42.2092	61.7	14.12	0.09	13.67	0.09	-15.62	-15.88	0.09	8.28	0.13	20.77	0.11	1340.0	65.5	False	True	1.0	gr	DECALS		30.0	10.0	27.64
dw1315p4123	NGC5055	198.8158	41.3967	99.3	20.71	0.17	20.21	0.17	-9.02	-9.32	0.18	5.75	0.19	26.19	0.26	339.7	51.8	True	True	1.0	gr	DECALS		30.03	10.14	6.91
dw1315p4130	NGC5055	198.8742	41.5022	82.1	17.67	0.10	17.18	0.1	-12.07	-12.36	0.1	6.92	0.13	24.73	0.12	864.0	58.5	True	True	1.0	gr	DECALS		30.03	10.14	17.58
dw1321p4226	NGC5055	200.3708	42.4334	173.9	20.11	0.14	19.56	0.13	-9.63	-9.95	0.15	6.06	0.16	23.79	0.21	202.5	25.5	True	True	1.0	gr	DECALS		30.06	10.28	4.06
dw1305p4206-n2	NGC5055	196.499	42.1062	282.6	18.42	0.10	18.05	0.1	-11.32	-11.54	0.11	6.41	0.13	23.23	0.14	596.5	46.5	False	False	0.35	gr	DECALS		29.96	9.82	12.53
dw1308p4054-n2	NGC5055	197.1913	40.901	269.1	17.95	0.10	17.35	0.1	-11.79	-12.14	0.1	7.0	0.13	23.92	0.13	682.4	48.1	True	False	0.65	gr	DECALS		30.09	10.42	13.51
dw1311p4051-n2	NGC5055	197.9217	40.8631	216.8	18.17	0.10	17.94	0.1	-11.57	-11.7	0.1	6.27	0.13	23.39	0.13	312.6	23.1	False	False	0.35	gr	DECALS		29.87	9.42	6.84
dw1323p4058	NGC5055	200.935	40.9728	281.9	20.45	0.16	20.12	0.16	-9.29	-9.49	0.16	5.53	0.18	24.56	0.23	189.2	26.8	True	False	0.25	gr	DECALS		29.94	9.73	4.01
KK189	CENA	198.1875	-41.8319	168.0	16.85	0.09	16.17	0.09	-10.97	-11.36	0.09	6.81	0.13	23.44	0.12	281.6	16.6	True	True	1.0	gr	DECAM		28.21	4.39	13.23
ESO269-066	CENA	198.2875	-44.89	185.4	13.81	0.09	13.15	0.09	-14.01	-14.39	0.09	8.0	0.12	22.55	0.11	749.0	36.3	True	True	1.0	gr	DECAM		28.2	4.37	35.35
NGC5011C	CENA	198.2958	-43.2656	144.0	13.66	0.09	13.13	0.09	-14.16	-14.49	0.09	7.83	0.13	21.12	0.1	450.7	21.7	True	True	1.0	gr	M15/17		28.15	4.27	21.77
KK196	CENA	200.4458	-45.0633	137.3	15.26	0.09	14.85	0.09	-12.56	-12.77	0.09	6.99	0.13	22.89	0.11	283.9	42.6	False	True	1.0	gr	M15/17		28.03	4.04	14.49
KK197	CENA	200.5042	-42.5356	50.8	14.89	0.09	14.01	0.09	-12.93	-13.44	0.09	7.96	0.13	23.73	0.11	932.6	46.9	True	True	1.0	gr	DECAM		28.33	4.63	41.55
KKS55	CENA	200.55	-42.7308	42.4	15.97	0.09	15.31	0.09	-11.84	-12.23	0.09	7.15	0.13	24.83	0.11	579.0	31.2	True	True	1.0	gr	DECAM		28.2	4.37	27.33
CENA-MM-DW4	CENA	200.7583	-41.7861	83.8	18.5	0.10	17.8	0.1	-9.32	-9.72	0.11	6.19	0.13	25.38	0.14	306.9	24.4	True	True	1.0	gr	DECAM		28.22	4.41	14.35
dw1323-40b	CENA	201.0	-40.8367	140.6	18.52	0.11	17.92	0.1	-9.3	-9.65	0.11	6.02	0.13	25.54	0.14	432.2	34.5	True	True	1.0	gr	DECAM		28.17	4.31	20.68
dw1323-40	CENA	201.2421	-40.7622	144.4	18.2	0.10	17.55	0.1	-9.62	-10.0	0.1	6.23	0.13	25.32	0.13	277.8	20.6	True	True	1.0	gr	DECAM		28.2	4.37	13.11
CENA-MM-DW6	CENA	201.4875	-41.0942	123.1			18.52	0.11		-9.1	0.2	5.61	0.22	25.4	0.3	276.8	10.6	True	True	1.0	gr	CR19				
CENA-MM-DW7	CENA	201.6167	-43.5567	36.3			17.72	0.1		-9.9	0.3	5.96	0.22	25.9	0.4	532.3	53.2	True	True	1.0	gr	CR19				
ESO324-024	CENA	201.9042	-41.4806	101.6						-15.5		8.05						False	True	1.0						
KK203	CENA	201.8667	-45.3525	150.9						-10.5		6.25						False	True	1.0						
dw1329-45	CENA	202.3121	-45.1767	144.6	18.4	0.10	18.16	0.1	-9.42	-9.46	0.11	5.43	0.13	25.68	0.14	175.7	26.4	True	True	1.0	gr	M15/17		27.86	3.73	9.72
CENA-MM-DW1	CENA	202.5583	-41.8933	91.3	15.93	0.09	15.16	0.09	-11.89	-12.34	0.09	7.36	0.13	25.42	0.11	845.9	45.3	True	True	1.0	gr	DECAM		28.27	4.51	38.69
CENA-MM-DW3	CENA	202.5875	-42.1925	78.1			14.52	0.09		-13.1	0.09	7.34	0.22	26.0	0.4	2352.9	159.7	True	True	1.0	gr	CR19				
CENA-MM-DW9	CENA	203.2542	-42.53	94.0	18.59	0.11	18.35	0.11	-9.23	-9.37	0.11	5.34	0.13	26.36	0.14	385.0	31.2	True	True	1.0	gr	DECAM		27.96	3.91	20.31
CENA-MM-DW8	CENA	203.3917	-41.6078	131.6	17.42	0.09	16.75	0.1	-10.4	-10.79	0.1	6.58	0.13	26.18	0.12	615.3	39.4	True	True	1.0	gr	DECAM		28.21	4.39	28.91
dw1336-44	CENA	204.2033	-43.8578	142.2	18.7	0.11	18.08	0.1	-9.12	-9.54	0.1	5.97	0.13	25.29	0.14	143.2	21.5	True	True	1.0	gr	M15/17		28.24	4.45	6.64
NGC5237	CENA	204.4127	-42.8469	143.0						-15.3		8.13						False	True	1.0						
KKS57	CENA	205.4083	-42.5819	191.7	16.89	0.09	16.98	0.1	-10.93	-10.64	0.09	5.44	0.13	24.38	0.12	212.9	13.6	True	True	1.0	gr	M15/17		27.53	3.21	13.68
dw1341-43	CENA	205.4025	-43.8554	194.9	17.17	0.09	16.82	0.1	-10.65	-10.8	0.09	6.11	0.13	25.78	0.12	358.4	22.3	True	True	1.0	gr	M15/17		27.97	3.93	18.81
dw1328p4703	NGC5194	202.103	47.0651	42.1	20.38	0.11	19.82	0.11	-9.28	-9.61	0.11	5.94	0.13	25.26	0.14	296.4	17.5	True	True	1.0	gr	CFHT		29.99	9.95	6.14
NGC5195	NGC5194	202.4983	47.2661	11.0						-20.2		10.4						False	True	1.0						
dw1330p4731	NGC5194	202.6411	47.5257	52.5	20.54	0.15	20.18	0.17	-9.13	-9.34	0.16	5.52	0.22	26.76	0.22	487.4	50.8	True	True	1.0	gr	CFHT		29.88	9.46	10.63
dw1335-29	NGC5236	203.9417	-29.7067	25.8	18.68	0.11	18.24	0.11	-9.68	-9.94	0.11	5.89	0.13	26.33	0.14	566.3	47.0	True	True	1.0	gr	DECAM		28.62	5.3	22.04
dw1340-30	NGC5236	205.0792	-30.3597	71.2	19.12	0.12	18.07	0.1	-9.24	-9.64	0.12	6.21	0.13	26.22	0.16	335.7	31.3	True	True	1.0	gi	DECAM		28.76	5.65	12.26
KK200	NGC5236	201.15	-30.9717	237.8	15.62	0.09	15.25	0.09	-12.74	-12.95	0.09	6.98	0.13	22.5	0.11	371.7	19.5	False	True	1.0	gr	DECAM		28.57	5.18	14.8
IC4247	NGC5236	201.6875	-30.3625	186.7	14.02	0.09	13.77	0.09	-14.34	-14.49	0.09	7.41	0.13	20.28	0.11	488.0	23.8	False	True	1.0	gr	DECAM		28.51	5.04	19.97
ESO444-84	NGC5236	204.3333	-28.0442	149.6	14.71	0.09	14.5	0.09	-13.65	-13.77	0.09	7.06	0.13	22.72	0.11	542.4	27.0	False	True	1.0	gr	DECAM		28.48	4.97	22.51
IC4316	NGC5236	205.075	-28.8947	98.9	13.68	0.09	13.27	0.09	-14.68	-14.92	0.09	7.84	0.13	20.57	0.11	907.8	43.9	False	True	1.0	gr	DECAM		28.6	5.25	35.67
ESO444-78	NGC5236	204.1292	-29.2342	52.6	15.1	0.09	14.74	0.09	-13.26	-13.48	0.09	7.17	0.13	22.39	0.11	606.0	30.8	False	True	1.0	gr	DECAM		28.58	5.2	24.04
KK208	NGC5236	204.15	-29.5708	25.3	15.15	0.09	14.6	0.09	-13.21	-13.53	0.09	7.5	0.13	26.21	0.11	4074.5	207.4	True	True	1.0	gr	DECAM	yes	28.68	5.45	154.21
NGC5264	NGC5236	205.4042	-29.9131	81.9	12.26	0.08	11.81	0.09	-16.1	-16.36	0.09	8.46	0.13	20.75	0.11	1051.0	49.9	False	True	1.0	gr	DECAM		28.62	5.3	40.9
KK218	NGC5236	206.6667	-29.9781	171.8	17.87	0.10	17.12	0.1	-10.49	-10.93	0.1	6.76	0.13	24.49	0.13	328.1	22.8	True	True	1.0	gr	DECAM		28.8	5.75	11.77
HIJ1337-33	NGC5236	204.2542	-33.3631	287.2	17.39	0.09	17.31	0.1	-10.97	-11.02	0.1	5.75	0.13	21.84	0.12	119.4	7.6	False	True	1.0	gr	DECAM		28.41	4.81	5.12
dw1350p5441	NGC5457	207.7431	54.6892	205.1	17.2	0.09	16.77	0.1	-11.87	-12.12	0.1	6.74	0.13	25.48	0.12	719.3	44.5	True	True	1.0	gr	DECALS		29.32	7.31	20.3
UGC8837	NGC5457	208.6892	53.9043	149.3	13.26	0.08	12.86	0.09	-15.8	-16.04	0.09	8.27	0.13	22.16	0.11	2467.0	118.4	False	True	1.0	gr	DECALS		29.3	7.24	70.28
UGC8882	NGC5457	209.3112	54.1008	102.8	14.96	0.09	14.22	0.09	-14.1	-14.39	0.09	7.75	0.12	22.09	0.11	531.5	26.8	True	True	1.0	gi	CFHT		29.35	7.41	14.79
dw1403p5337	NGC5457	210.7728	53.6147	83.3	18.15	0.10	17.74	0.1	-10.91	-11.07	0.1	6.05	0.12	26.16	0.13	855.3	62.9	True	True	1.0	gi	CFHT		29.22	6.98	25.27
dw1403p5356	NGC5457	210.9373	53.9437	46.8	18.92	0.11	18.11	0.1	-10.15	-10.45	0.11	6.27	0.12	24.95	0.15	430.5	38.0	True	True	1.0	gi	CFHT		29.37	7.48	11.87
NGC5474	NGC5457	211.2561	53.6617	83.6	11.18	0.08	10.69	0.09	-17.88	-18.17	0.09	9.26	0.13	18.67	0.11	2930.2	138.1	False	True	1.0	gr	DECALS		29.35	7.41	81.57
NGC5477	NGC5457	211.3863	54.4608	40.6	13.86	0.09	13.57	0.09	-15.21	-15.37	0.09	7.82	0.12	21.7	0.11	868.4	42.2	False	True	1.0	gr	DECALS		29.23	7.01	25.55
dw1406p5344	NGC5457	211.708	53.7413	91.6	19.36	0.12	18.58	0.11	-9.71	-10.0	0.12	6.05	0.13	25.12	0.17	282.2	28.1	True	True	1.0	gi	CFHT		29.36	7.45	7.81
dw1408p5419	NGC5457	212.1561	54.3254	89.6	19.37	0.12	18.93	0.12	-9.69	-9.86	0.12	5.6	0.13	25.54	0.17	317.2	31.8	True	True	1.0	gi	CFHT		29.23	7.01	9.33
dw1905m6316	NGC6744	286.4831	-63.2721	113.2	18.32	0.10	17.58	0.1	-11.44	-11.72	0.11	6.69	0.12	24.12	0.14	411.4	31.2	True	True	1.0	gi	DECAM		30.04	10.19	8.33
dw1906m6357	NGC6744	286.7415	-63.9636	50.9	16.43	0.09	15.68	0.09	-13.33	-13.61	0.09	7.45	0.12	23.13	0.11	755.1	42.2	True	True	1.0	gi	DECAM		30.04	10.19	15.28
dw1907m6342	NGC6744	286.8439	-63.7064	47.6	17.88	0.10	17.26	0.1	-11.88	-12.12	0.1	6.71	0.12	22.89	0.13	346.7	24.1	True	True	1.0	gi	DECAM		30.0	10.0	7.15
dw1908m6343	NGC6744	287.183	-63.7301	26.7	14.55	0.09	14.21	0.09	-15.21	-15.34	0.09	7.68	0.12	22.48	0.11	1726.2	85.5	False	True	1.0	gi	DECAM		29.89	9.51	37.44
dw1911m6413	NGC6744	287.8437	-64.2226	63.3	14.41	0.09	13.94	0.09	-15.35	-15.53	0.09	7.9	0.12	23.34	0.11	1556.4	76.7	False	True	1.0	gi	DECAM		29.94	9.73	32.99
dw1859m6402	NGC6744	284.8605	-64.0396	179.4	19.67	0.13	19.01	0.12	-10.09	-10.34	0.13	6.05	0.13	24.67	0.18	285.4	31.3	True	False	0.45	gi	DECAM		30.01	10.05	5.86
dw1901m6315	NGC6744	285.3732	-63.2594	171.6	17.96	0.10	17.46	0.1	-11.8	-11.99	0.1	6.53	0.12	25.37	0.13	778.2	55.0	True	False	0.95	gi	DECAM		29.95	9.77	16.43
dw1903m6449	NGC6744	285.843	-64.8277	186.2	19.44	0.12	18.7	0.11	-10.32	-10.6	0.13	6.24	0.13	24.04	0.17	308.9	31.6	True	False	0.45	gi	DECAM		30.04	10.19	6.25
dw1903m6405	NGC6744	285.9146	-64.0985	111.2	20.39	0.15	19.86	0.15	-9.37	-9.57	0.16	5.6	0.15	25.29	0.23	240.1	33.4	True	False	0.65	gi	DECAM		29.96	9.82	5.04
dw1909m6341	NGC6744	287.2847	-63.6853	29.0	17.9	0.10	17.43	0.1	-11.86	-12.04	0.1	6.51	0.12	23.64	0.13	358.7	25.0	True	False	0.5	gi	DECAM		29.94	9.73	7.6
dw1912m6432	NGC6744	288.0953	-64.5419	115.8	19.68	0.13	19.06	0.12	-10.08	-10.32	0.13	5.99	0.13	24.34	0.18	255.0	28.0	True	False	0.4	gi	DECAM		30.0	10.0	5.26
LMC	MW	80.8917	-69.7561	49.1						-18.12	0.1	9.2	0.22					False	True	1.0	None	MCCONN				
SMC	MW	13.1833	-72.8286	57.8						-16.83	0.2	8.64	0.22					False	True	1.0	None	MCCONN				
SGR	MW	283.8292	-30.5453	18.7						-13.5	0.3	7.52	0.22	25.2	0.3	2616.7	91.8	True	True	1.0	None	MCCONN				
FORNAX	MW	39.9958	-34.4492	141.4						-13.46	0.14	7.5	0.22	23.59	0.16	788.0	8.6	True	True	1.0	None	MCCONN				
LEO1	MW	152.1167	12.3064	272.7						-11.78	0.28	6.78	0.22	22.61	0.3	243.4	2.2	True	True	1.0	None	MCCONN				
SCULP	MW	15.0375	-33.7092	84.9						-10.82	0.14	6.36	0.22	23.29	0.15	308.1	1.2	True	True	1.0	None	MCCONN				
LEO2	MW	168.3667	22.1517	227.2						-9.74	0.04	5.89	0.22	24.24	0.07	168.3	2.0	True	True	1.0	None	MCCONN				
SEXTANS	MW	153.2625	-1.6147	89.0						-9.27	0.5	5.69	0.22	27.1	0.5	694.7	30.0	True	True	1.0	None	MCCONN				
UMI	MW	227.2833	67.2225	77.8						-9.03	0.05	5.58	0.22	25.77	0.08	382.2	2.4	True	True	1.0	None	MCCONN				
CARINA	MW	100.4	-50.9661	105.7						-9.43	0.05	5.76	0.22	25.35	0.07	349.8	3.7	True	True	1.0	None	MCCONN				
